
10917
15252
12161
11770
11971
13094
13279
14428
14514
14268
12046
14507
11307
13058
13152
11489
14533
12693
11462
10753
14642
12784
8694
13947
14080
13366
14425
12121
14446
14062
14843
8854
9924
10947
15474
8758
14356
14358
9662
12668
14733
10509
11904
14093
12307
14395
13956
11215
12287
15339
8974
14440
11681
15381
12321
11687
14994
11476
14203
14008
12000
14539
13672
13279
15268
13055
13512
12784
11462
11772
14171
14728
11426
14657
14693
10897
11694
13777
12941
14733
8889
11759
13689
14170
8662
11069
13875
14813
11683
11541
14448
15434
11981
12284
11229
8592
11718
14507
10384
14446
11530
10822
11775
11848
8889
14618
14182
11680
14248
11882
12289
11939
12385
11881
13920
14169
14886
13756
12222
14862
12658
13947
14080
13101
14661
13470
12152
14911
11462
11911
8662
11759
14349
14419
15133
11177
14881
11970
13642
12460
14138
11775
11392
11739
11048
13660
11684
11303
12745
13929
11879
14440
11149
14634
12350
15401
11457
9929
8773
13409
14693
10137
14599
9047
10511
14747
9261
11549
14553
14546
13097
14782
8871
15373
13634
12098
13132
14425
12637
15165
12131
13475
14787
11395
13875
14813
11619
14245
11380
15233
11784
11759
12018
12025
11580
14545
14793
14443
12815
15474
9889
14978
11344
11348
14747
11263
13601
12087
14041
11776
12581
11122
14008
11962
13920
13319
14705
12562
14929
13361
6982
8898
14881
12312
11371
14054
9299
11466
14533
9714
13786
14430
14753
11557
14283
10550
15152
11862
13868
11683
11541
15798
11820
15217
12401
11218
13896
13929
11879
15047
14384
10917
15252
12161
11770
11971
13094
13279
14428
14514
14268
12046
14507
11307
13058
13152
11489
14533
12693
11462
10753
14642
12784
8694
13947
14080
13366
14425
12121
14446
14062
14843
8854
9924
10947
15474
8758
14356
14358
9662
12668
14733
10509
11904
14093
12307
14395
13956
11215
12287
15339
8974
14440
11681
15381
12321
11687
14994
11476
14203
14008
12000
14539
13672
13279
15268
13055
13512
12784
11462
11772
14171
14728
11426
14657
14693
10897
11694
13777
12941
14733
8889
11759
13689
14170
8662
11069
13875
14813
11683
11541
14448
15434
11981
12284
11229
8592
11718
14507
10384
14446
11530
10822
11775
11848
8889
14618
14182
11680
14248
11882
12289
11939
12385
11881
13920
14169
14886
13756
12222
14862
12658
13947
14080
13101
14661
13470
12152
14911
11462
11911
8662
11759
14349
14419
15133
11177
14881
11970
13642
12460
14138
11775
11392
11739
11048
13660
11684
11303
12745
13929
11879
14440
11149
14634
12350
15401
11457
9929
8773
13409
14693
10137
14599
9047
10511
14747
9261
11549
14553
14546
13097
14782
8871
15373
13634
12098
13132
14425
12637
15165
12131
13475
14787
11395
13875
14813
11619
14245
11380
15233
11784
11759
12018
12025
11580
14545
14793
14443
12815
15474
9889
14978
11344
11348
14747
11263
13601
12087
14041
11776
12581
11122
14008
11962
13920
13319
14705
12562
14929
13361
6982
8898
14881
12312
11371
14054
9299
11466
14533
9714
13786
14430
14753
11557
14283
10550
15152
11862
13868
11683
11541
15798
11820
15217
12401
11218
13896
13929
11879
15047
14384
10917
15252
12161
11770
11971
13094
13279
14428
14514
14268
12046
14507
11307
13058
13152
11489
14533
12693
11462
10753
14642
12784
8694
13947
14080
13366
14425
12121
14446
14062
14843
8854
9924
10947
15474
8758
14356
14358
9662
12668
14733
10509
11904
14093
12307
14395
13956
11215
12287
15339
8974
14440
11681
15381
12321
11687
14994
11476
14203
14008
12000
14539
13672
13279
15268
13055
13512
12784
11462
11772
14171
14728
11426
14657
14693
10897
11694
13777
12941
14733
8889
11759
13689
14170
8662
11069
13875
14813
11683
11541
14448
15434
11981
12284
11229
8592
11718
14507
10384
14446
11530
10822
11775
11848
8889
14618
14182
11680
14248
11882
12289
11939
12385
11881
13920
14169
14886
13756
12222
14862
12658
13947
14080
13101
14661
13470
12152
14911
11462
11911
8662
11759
14349
14419
15133
11177
14881
11970
13642
12460
14138
11775
11392
11739
11048
13660
11684
11303
12745
13929
11879
14440
11149
14634
12350
15401
11457
9929
8773
13409
14693
10137
14599
9047
10511
14747
9261
11549
14553
14546
13097
14782
8871
15373
13634
12098
13132
14425
12637
15165
12131
13475
14787
11395
13875
14813
11619
14245
11380
15233
11784
11759
12018
12025
11580
14545
14793
14443
12815
15474
9889
14978
11344
11348
14747
11263
13601
12087
14041
11776
12581
11122
14008
11962
13920
13319
14705
12562
14929
13361
6982
8898
14881
12312
11371
14054
9299
11466
14533
9714
13786
14430
14753
11557
14283
10550
15152
11862
13868
11683
11541
15798
11820
15217
12401
11218
13896
13929
11879
15047
14384
8689
15233
11784
11759
12018
12025
11580
14545
14793
14443
12815
15474
9889
14978
11344
11348
14747
11263
13601
12087
14041
11776
12581
11122
14008
11962
13920
13319
14705
12562
14929
13361
6982
8898
14881
12312
11371
14054
9299
11466
14533
9714
13786
14430
14753
11557
14283
10550
15152
11862
13868
11683
11541
15798
11820
15217
12401
11218
13896
13929
11879
15047
14384
10917
15252
12161
11770
11971
13094
13279
14428
14514
14268
12046
14507
11307
13058
13152
11489
14533
12693
11462
10753
14642
12784
8694
13947
14080
13366
14425
12121
14446
14062
14843
8854
9924
10947
15474
8758
14356
14358
9662
12668
14733
10509
11904
14093
12307
14395
13956
11215
12287
15339
8974
14440
11681
15381
12321
11687
14994
11476
14203
14008
12000
14539
13672
13279
15268
13055
13512
12784
11462
11772
14171
14728
11426
14657
14693
10897
11694
13777
12941
14733
8889
11759
13689
14170
8662
11069
13875
14813
11683
11541
14448
15434
11981
12284
11229
8592
11718
14507
10384
14446
11530
10822
11775
11848
8889
14618
14182
11680
14248
11882
12289
11939
12385
11881
13920
14169
14886
13756
12222
14862
12658
13947
14080
13101
14661
13470
12152
14911
11462
11911
8662
11759
14349
14419
15133
11177
14881
11970
13642
12460
14138
11775
11392
11739
11048
13660
11684
11303
12745
13929
11879
14440
11149
14634
12350
15401
11457
9929
8773
13409
14693
10137
14599
9047
10511
14747
9261
11549
14553
14546
13097
14782
8871
15373
13634
12098
13132
14425
12637
15165
12131
13475
14787
11395
13875
14813
11619
14245
11380
15233
11784
11759
12018
12025
11580
14545
14793
14443
12815
15474
9889
14978
11344
11348
14747
11263
13601
12087
14041
11776
12581
11122
14008
11962
13920
13319
14705
12562
14929
13361
6982
8898
14881
12312
11371
14054
9299
11466
14533
9714
13786
14430
14753
11557
14283
10550
15152
11862
13868
11683
11541
15798
11820
15217
12401
11218
13896
13929
11879
15047
14384
10917
15252
12161
11770
11971
13094
13279
14428
14514
14268
12046
14507
11307
13058
13152
11489
14533
12693
11462
10753
14642
12784
8694
13947
14080
13366
14425
12121
14446
14062
14843
8854
9924
10947
15474
8758
14356
14358
9662
12668
14733
10509
11904
14093
12307
14395
13956
11215
12287
15339
8974
14440
11681
15381
12321
11687
14994
11476
14203
14008
12000
14539
13672
13279
15268
13055
13512
12784
11462
11772
14171
14728
11426
14657
14693
10897
11694
13777
12941
14733
8889
11759
13689
14170
8662
11069
13875
14813
11683
11541
14448
15434
11981
12284
11229
8592
11718
14507
10384
14446
11530
10822
11775
11848
8889
14618
14182
11680
14248
11882
12289
11939
12385
11881
13920
14169
14886
13756
12222
14862
12658
13947
14080
13101
14661
13470
12152
14911
11462
11911
8662
11759
14349
14419
15133
11177
14881
11970
13642
12460
14138
11775
11392
11739
11048
13660
11684
11303
12745
13929
11879
14440
11149
14634
12350
15401
11457
9929
8773
13409
14693
10137
14599
9047
10511
14747
9261
11549
14553
14546
13097
14782
8871
15373
13634
12098
13132
14425
12637
15165
12131
13475
14787
11395
13875
14813
11619
14245
11380
15233
11784
11759
12018
12025
11580
14545
14793
14443
12815
15474
9889
14978
11344
11348
14747
11263
13601
12087
14041
11776
12581
11122
14008
11962
13920
13319
14705
12562
14929
13361
6982
8898
14881
12312
11371
14054
9299
11466
14533
9714
13786
14430
14753
11557
14283
10550
15152
11862
13868
11683
11541
15798
11820
15217
12401
11218
13896
13929
11879
15047
14384
10917
15252
12161
11770
11971
13094
13279
14428
14514
14268
12046
14507
11307
13058
13152
11489
14533
12693
11462
10753
14642
12784
8694
13947
14080
13366
14425
12121
14446
14062
14843
8854
9924
10947
15474
8758
14356
14358
9662
12668
14733
10509
11904
14093
12307
14395
13956
11215
12287
15339
8974
14440
11681
15381
12321
11687
14994
11476
14203
14008
12000
14539
13672
13279
15268
13055
13512
12784
11462
11772
14171
14728
11426
14657
14693
10897
11694
13777
12941
14733
8889
11759
13689
14170
8662
11069
13875
14813
11683
11541
14448
15434
11981
12284
11229
8592
11718
14507
10384
14446
11530
10822
11775
11848
8889
14618
14182
11680
14248
11882
12289
11939
12385
11881
13920
14169
14886
13756
12222
14862
12658
13947
14080
13101
14661
13470
12152
14911
11462
11911
8662
11759
14349
14419
15133
11177
14881
11970
13642
12460
14138
11775
11392
11739
11048
13660
11684
11303
12745
13929
11879
14440
11149
14634
12350
15401
11457
9929
8773
13409
14693
10137
14599
9047
10511
14747
9261
11549
14553
14546
13097
14782
8871
15373
13634
12098
13132
14425
12637
15165
12131
13475
14787
11395
13875
14813
11619
14245
12636
12152
14911
11462
11911
8662
11759
14349
14419
15133
11177
14881
11970
13642
12460
14138
11775
11392
11739
11048
13660
11684
11303
12745
13929
11879
14440
11149
14634
12350
15401
11457
9929
8773
13409
14693
10137
14599
9047
10511
14747
9261
11549
14553
14546
13097
14782
8871
15373
13634
12098
13132
14425
12637
15165
12131
13475
14787
11395
13875
14813
11619
14245
11380
15233
11784
11759
12018
12025
11580
14545
14793
14443
12815
15474
9889
14978
11344
11348
14747
11263
13601
12087
14041
11776
12581
11122
14008
11962
13920
13319
14705
12562
14929
13361
6982
8898
14881
12312
11371
14054
9299
11466
14533
9714
13786
14430
14753
11557
14283
10550
15152
11862
13868
11683
11541
15798
11820
15217
12401
11218
13896
13929
11879
15047
14384
10917
15252
12161
11770
11971
13094
13279
14428
14514
14268
12046
14507
11307
13058
13152
11489
14533
12693
11462
10753
14642
12784
8694
13947
14080
13366
14425
12121
14446
14062
14843
8854
9924
10947
15474
8758
14356
14358
9662
12668
14733
10509
11904
14093
12307
14395
13956
11215
12287
15339
8974
14440
11681
15381
12321
11687
14994
11476
14203
14008
12000
14539
13672
13279
15268
13055
13512
12784
11462
11772
14171
14728
11426
14657
14693
10897
11694
13777
12941
14733
8889
11759
13689
14170
8662
11069
13875
14813
11683
11541
14448
15434
11981
12284
11229
8592
11718
14507
10384
14446
11530
10822
11775
11848
8889
14618
14182
11680
14248
11882
12289
11939
12385
11881
13920
14169
14886
13756
12222
14862
12658
13947
14080
13101
14661
13470
12152
14911
11462
11911
8662
11759
14349
14419
15133
11177
14881
11970
13642
12460
14138
11775
11392
11739
11048
13660
11684
11303
12745
13929
11879
14440
11149
14634
12350
15401
11457
9929
8773
13409
14693
10137
14599
9047
10511
14747
9261
11549
14553
14546
13097
14782
8871
15373
13634
12098
13132
14425
12637
15165
12131
13475
14787
11395
13875
14813
11619
14245
11380
15233
11784
11759
12018
12025
11580
14545
14793
14443
12815
15474
9889
14978
11344
11348
14747
11263
13601
12087
14041
11776
12581
11122
14008
11962
13920
13319
14705
12562
14929
13361
6982
8898
14881
12312
11371
14054
9299
11466
14533
9714
13786
14430
14753
11557
14283
10550
15152
11862
13868
11683
11541
15798
11820
15217
12401
11218
13896
13929
11879
15047
14384
10917
15252
12161
11770
11971
13094
13279
14428
14514
14268
12046
14507
11307
13058
13152
11489
14533
12693
11462
10753
14642
12784
8694
13947
14080
13366
14425
12121
14446
14062
14843
8854
9924
10947
15474
8758
14356
14358
9662
12668
14733
10509
11904
14093
12307
14395
13956
11215
12287
15339
8974
14440
11681
15381
12321
11687
14994
11476
14203
14008
12000
14539
13672
13279
15268
13055
13512
12784
11462
11772
14171
14728
11426
14657
14693
10897
11694
13777
12941
14733
8889
11759
13689
14170
8662
11069
13875
14813
11683
11541
14448
15434
11981
12284
11229
8592
11718
14507
10384
14446
11530
10822
11775
11848
8889
14618
14182
11680
14248
11882
12289
11939
12385
11881
13920
14169
14886
13756
12222
14862
12658
13947
14080
13101
14661
13470
12152
14911
11462
11911
8662
11759
14349
14419
15133
11177
14881
11970
13642
12460
14138
11775
11392
11739
11048
13660
11684
11303
12745
13929
11879
14440
11149
14634
12350
15401
11457
9929
8773
13409
14693
10137
14599
9047
10511
14747
9261
11549
14553
14546
13097
14782
8871
15373
13634
12098
13132
14425
12637
15165
12131
13475
14787
11395
13875
14813
11619
14245
11380
15233
11784
11759
12018
12025
11580
14545
14793
14443
12815
15474
9889
14978
11344
11348
14747
11263
13601
12087
14041
11776
12581
11122
14008
11962
13920
13319
14705
12562
14929
13361
6982
8898
14881
12312
11371
14054
9299
11466
14533
9714
13786
14430
14753
11557
14283
10550
15152
11862
13868
11683
11541
15798
11820
15217
12401
11218
13896
13929
11879
15047
14384
10917
15252
12161
11770
11971
13094
13279
14428
14514
14268
12046
14507
11307
13058
13152
11489
14533
12693
11462
10753
14642
12784
8694
13947
14080
13366
14425
12121
14446
14062
14843
8854
9924
10947
15474
8758
14356
14358
9662
12668
14733
10509
11904
14093
12307
14395
13956
11215
12287
15339
8974
14440
11681
15381
12321
11687
14994
11476
14203
14008
12000
14539
13672
13279
15268
13055
13512
12784
11462
11772
14171
14728
11426
14657
14693
10897
11694
13777
12941
14733
8889
11759
13689
14170
8662
11069
13875
14813
11683
11541
14448
15434
11981
12284
11229
8592
11718
14507
10384
14446
11530
10822
11775
11848
8889
14618
14182
11680
14248
11882
12289
11939
12385
11881
13920
14169
14886
13756
12222
14862
12658
13947
14080
13101
14661
11339
13279
15268
13055
13512
12784
11462
11772
14171
14728
11426
14657
14693
10897
11694
13777
12941
14733
8889
11759
13689
14170
8662
11069
13875
14813
11683
11541
14448
15434
11981
12284
11229
8592
11718
14507
10384
14446
11530
10822
11775
11848
8889
14618
14182
11680
14248
11882
12289
11939
12385
11881
13920
14169
14886
13756
12222
14862
12658
13947
14080
13101
14661
13470
12152
14911
11462
11911
8662
11759
14349
14419
15133
11177
14881
11970
13642
12460
14138
11775
11392
11739
11048
13660
11684
11303
12745
13929
11879
14440
11149
14634
12350
15401
11457
9929
8773
13409
14693
10137
14599
9047
10511
14747
9261
11549
14553
14546
13097
14782
8871
15373
13634
12098
13132
14425
12637
15165
12131
13475
14787
11395
13875
14813
11619
14245
11380
15233
11784
11759
12018
12025
11580
14545
14793
14443
12815
15474
9889
14978
11344
11348
14747
11263
13601
12087
14041
11776
12581
11122
14008
11962
13920
13319
14705
12562
14929
13361
6982
8898
14881
12312
11371
14054
9299
11466
14533
9714
13786
14430
14753
11557
14283
10550
15152
11862
13868
11683
11541
15798
11820
15217
12401
11218
13896
13929
11879
15047
14384
10917
15252
12161
11770
11971
13094
13279
14428
14514
14268
12046
14507
11307
13058
13152
11489
14533
12693
11462
10753
14642
12784
8694
13947
14080
13366
14425
12121
14446
14062
14843
8854
9924
10947
15474
8758
14356
14358
9662
12668
14733
10509
11904
14093
12307
14395
13956
11215
12287
15339
8974
14440
11681
15381
12321
11687
14994
11476
14203
14008
12000
14539
13672
13279
15268
13055
13512
12784
11462
11772
14171
14728
11426
14657
14693
10897
11694
13777
12941
14733
8889
11759
13689
14170
8662
11069
13875
14813
11683
11541
14448
15434
11981
12284
11229
8592
11718
14507
10384
14446
11530
10822
11775
11848
8889
14618
14182
11680
14248
11882
12289
11939
12385
11881
13920
14169
14886
13756
12222
14862
12658
13947
14080
13101
14661
13470
12152
14911
11462
11911
8662
11759
14349
14419
15133
11177
14881
11970
13642
12460
14138
11775
11392
11739
11048
13660
11684
11303
12745
13929
11879
14440
11149
14634
12350
15401
11457
9929
8773
13409
14693
10137
14599
9047
10511
14747
9261
11549
14553
14546
13097
14782
8871
15373
13634
12098
13132
14425
12637
15165
12131
13475
14787
11395
13875
14813
11619
14245
11380
15233
11784
11759
12018
12025
11580
14545
14793
14443
12815
15474
9889
14978
11344
11348
14747
11263
13601
12087
14041
11776
12581
11122
14008
11962
13920
13319
14705
12562
14929
13361
6982
8898
14881
12312
11371
14054
9299
11466
14533
9714
13786
14430
14753
11557
14283
10550
15152
11862
13868
11683
11541
15798
11820
15217
12401
11218
13896
13929
11879
15047
14384
10917
15252
12161
11770
11971
13094
13279
14428
14514
14268
12046
14507
11307
13058
13152
11489
14533
12693
11462
10753
14642
12784
8694
13947
14080
13366
14425
12121
14446
14062
14843
8854
9924
10947
15474
8758
14356
14358
9662
12668
14733
10509
11904
14093
12307
14395
13956
11215
12287
15339
8974
14440
11681
15381
12321
11687
14994
11476
14203
14008
12000
14539
13672
13279
15268
13055
13512
12784
11462
11772
14171
14728
11426
14657
14693
10897
11694
13777
12941
14733
8889
11759
13689
14170
8662
11069
13875
14813
11683
11541
14448
15434
11981
12284
11229
8592
11718
14507
10384
14446
11530
10822
11775
11848
8889
14618
14182
11680
14248
11882
12289
11939
12385
11881
13920
14169
14886
13756
12222
14862
12658
13947
14080
13101
14661
13470
12152
14911
11462
11911
8662
11759
14349
14419
15133
11177
14881
11970
13642
12460
14138
11775
11392
11739
11048
13660
11684
11303
12745
13929
11879
14440
11149
14634
12350
15401
11457
9929
8773
13409
14693
10137
14599
9047
10511
14747
9261
11549
14553
14546
13097
14782
8871
15373
13634
12098
13132
14425
12637
15165
12131
13475
14787
11395
13875
14813
11619
14245
11380
15233
11784
11759
12018
12025
11580
14545
14793
14443
12815
15474
9889
14978
11344
11348
14747
11263
13601
12087
14041
11776
12581
11122
14008
11962
13920
13319
14705
12562
14929
13361
6982
8898
14881
12312
11371
14054
9299
11466
14533
9714
13786
14430
14753
11557
14283
10550
15152
11862
13868
11683
11541
15798
11820
15217
12401
11218
13896
13929
11879
15047
14384
10917
15252
12161
11770
11971
13094
13279
14428
14514
14268
12046
14507
11307
13058
13152
11489
14533
12693
11462
10753
14642
12784
8694
13947
14080
13366
14425
12121
14446
14062
14843
8854
9924
10947
15474
8758
14356
14358
9662
12668
14733
10509
11904
14093
12307
14395
13956
11215
12287
15339
8974
14440
11681
15381
12321
11687
14994
11476
14203
14008
12000
14539
12114
10917
15252
12161
11770
11971
13094
13279
14428
14514
14268
12046
14507
11307
13058
13152
11489
14533
12693
11462
10753
14642
12784
8694
13947
14080
13366
14425
12121
14446
14062
14843
8854
9924
10947
15474
8758
14356
14358
9662
12668
14733
10509
11904
14093
12307
14395
13956
11215
12287
15339
8974
14440
11681
15381
12321
11687
14994
11476
14203
14008
12000
14539
13672
13279
15268
13055
13512
12784
11462
11772
14171
14728
11426
14657
14693
10897
11694
13777
12941
14733
8889
11759
13689
14170
8662
11069
13875
14813
11683
11541
14448
15434
11981
12284
11229
8592
11718
14507
10384
14446
11530
10822
11775
11848
8889
14618
14182
11680
14248
11882
12289
11939
12385
11881
13920
14169
14886
13756
12222
14862
12658
13947
14080
13101
14661
13470
12152
14911
11462
11911
8662
11759
14349
14419
15133
11177
14881
11970
13642
12460
14138
11775
11392
11739
11048
13660
11684
11303
12745
13929
11879
14440
11149
14634
12350
15401
11457
9929
8773
13409
14693
10137
14599
9047
10511
14747
9261
11549
14553
14546
13097
14782
8871
15373
13634
12098
13132
14425
12637
15165
12131
13475
14787
11395
13875
14813
11619
14245
11380
15233
11784
11759
12018
12025
11580
14545
14793
14443
12815
15474
9889
14978
11344
11348
14747
11263
13601
12087
14041
11776
12581
11122
14008
11962
13920
13319
14705
12562
14929
13361
6982
8898
14881
12312
11371
14054
9299
11466
14533
9714
13786
14430
14753
11557
14283
10550
15152
11862
13868
11683
11541
15798
11820
15217
12401
11218
13896
13929
11879
15047
14384
10917
15252
12161
11770
11971
13094
13279
14428
14514
14268
12046
14507
11307
13058
13152
11489
14533
12693
11462
10753
14642
12784
8694
13947
14080
13366
14425
12121
14446
14062
14843
8854
9924
10947
15474
8758
14356
14358
9662
12668
14733
10509
11904
14093
12307
14395
13956
11215
12287
15339
8974
14440
11681
15381
12321
11687
14994
11476
14203
14008
12000
14539
13672
13279
15268
13055
13512
12784
11462
11772
14171
14728
11426
14657
14693
10897
11694
13777
12941
14733
8889
11759
13689
14170
8662
11069
13875
14813
11683
11541
14448
15434
11981
12284
11229
8592
11718
14507
10384
14446
11530
10822
11775
11848
8889
14618
14182
11680
14248
11882
12289
11939
12385
11881
13920
14169
14886
13756
12222
14862
12658
13947
14080
13101
14661
13470
12152
14911
11462
11911
8662
11759
14349
14419
15133
11177
14881
11970
13642
12460
14138
11775
11392
11739
11048
13660
11684
11303
12745
13929
11879
14440
11149
14634
12350
15401
11457
9929
8773
13409
14693
10137
14599
9047
10511
14747
9261
11549
14553
14546
13097
14782
8871
15373
13634
12098
13132
14425
12637
15165
12131
13475
14787
11395
13875
14813
11619
14245
11380
15233
11784
11759
12018
12025
11580
14545
14793
14443
12815
15474
9889
14978
11344
11348
14747
11263
13601
12087
14041
11776
12581
11122
14008
11962
13920
13319
14705
12562
14929
13361
6982
8898
14881
12312
11371
14054
9299
11466
14533
9714
13786
14430
14753
11557
14283
10550
15152
11862
13868
11683
11541
15798
11820
15217
12401
11218
13896
13929
11879
15047
14384
10917
15252
12161
11770
11971
13094
13279
14428
14514
14268
12046
14507
11307
13058
13152
11489
14533
12693
11462
10753
14642
12784
8694
13947
14080
13366
14425
12121
14446
14062
14843
8854
9924
10947
15474
8758
14356
14358
9662
12668
14733
10509
11904
14093
12307
14395
13956
11215
12287
15339
8974
14440
11681
15381
12321
11687
14994
11476
14203
14008
12000
14539
13672
13279
15268
13055
13512
12784
11462
11772
14171
14728
11426
14657
14693
10897
11694
13777
12941
14733
8889
11759
13689
14170
8662
11069
13875
14813
11683
11541
14448
15434
11981
12284
11229
8592
11718
14507
10384
14446
11530
10822
11775
11848
8889
14618
14182
11680
14248
11882
12289
11939
12385
11881
13920
14169
14886
13756
12222
14862
12658
13947
14080
13101
14661
13470
12152
14911
11462
11911
8662
11759
14349
14419
15133
11177
14881
11970
13642
12460
14138
11775
11392
11739
11048
13660
11684
11303
12745
13929
11879
14440
11149
14634
12350
15401
11457
9929
8773
13409
14693
10137
14599
9047
10511
14747
9261
11549
14553
14546
13097
14782
8871
15373
13634
12098
13132
14425
12637
15165
12131
13475
14787
11395
13875
14813
11619
14245
11380
15233
11784
11759
12018
12025
11580
14545
14793
14443
12815
15474
9889
14978
11344
11348
14747
11263
13601
12087
14041
11776
12581
11122
14008
11962
13920
13319
14705
12562
14929
13361
6982
8898
14881
12312
11371
14054
9299
11466
14533
9714
13786
14430
14753
11557
14283
10550
15152
11862
13868
11683
11541
15798
11820
15217
12401
11218
13896
13929
11879
15047
14384
8689
15233
11784
11759
12018
12025
11580
14545
14793
14443
12815
15474
9889
14978
11344
11348
14747
11263
13601
12087
14041
11776
12581
11122
14008
11962
13920
13319
14705
12562
14929
13361
6982
8898
14881
12312
11371
14054
9299
11466
14533
9714
13786
14430
14753
11557
14283
10550
15152
11862
13868
11683
11541
15798
11820
15217
12401
11218
13896
13929
11879
15047
14384
10917
15252
12161
11770
11971
13094
13279
14428
14514
14268
12046
14507
11307
13058
13152
11489
14533
12693
11462
10753
14642
12784
8694
13947
14080
13366
14425
12121
14446
14062
14843
8854
9924
10947
15474
8758
14356
14358
9662
12668
14733
10509
11904
14093
12307
14395
13956
11215
12287
15339
8974
14440
11681
15381
12321
11687
14994
11476
14203
14008
12000
14539
13672
13279
15268
13055
13512
12784
11462
11772
14171
14728
11426
14657
14693
10897
11694
13777
12941
14733
8889
11759
13689
14170
8662
11069
13875
14813
11683
11541
14448
15434
11981
12284
11229
8592
11718
14507
10384
14446
11530
10822
11775
11848
8889
14618
14182
11680
14248
11882
12289
11939
12385
11881
13920
14169
14886
13756
12222
14862
12658
13947
14080
13101
14661
13470
12152
14911
11462
11911
8662
11759
14349
14419
15133
11177
14881
11970
13642
12460
14138
11775
11392
11739
11048
13660
11684
11303
12745
13929
11879
14440
11149
14634
12350
15401
11457
9929
8773
13409
14693
10137
14599
9047
10511
14747
9261
11549
14553
14546
13097
14782
8871
15373
13634
12098
13132
14425
12637
15165
12131
13475
14787
11395
13875
14813
11619
14245
11380
15233
11784
11759
12018
12025
11580
14545
14793
14443
12815
15474
9889
14978
11344
11348
14747
11263
13601
12087
14041
11776
12581
11122
14008
11962
13920
13319
14705
12562
14929
13361
6982
8898
14881
12312
11371
14054
9299
11466
14533
9714
13786
14430
14753
11557
14283
10550
15152
11862
13868
11683
11541
15798
11820
15217
12401
11218
13896
13929
11879
15047
14384
10917
15252
12161
11770
11971
13094
13279
14428
14514
14268
12046
14507
11307
13058
13152
11489
14533
12693
11462
10753
14642
12784
8694
13947
14080
13366
14425
12121
14446
14062
14843
8854
9924
10947
15474
8758
14356
14358
9662
12668
14733
10509
11904
14093
12307
14395
13956
11215
12287
15339
8974
14440
11681
15381
12321
11687
14994
11476
14203
14008
12000
14539
13672
13279
15268
13055
13512
12784
11462
11772
14171
14728
11426
14657
14693
10897
11694
13777
12941
14733
8889
11759
13689
14170
8662
11069
13875
14813
11683
11541
14448
15434
11981
12284
11229
8592
11718
14507
10384
14446
11530
10822
11775
11848
8889
14618
14182
11680
14248
11882
12289
11939
12385
11881
13920
14169
14886
13756
12222
14862
12658
13947
14080
13101
14661
13470
12152
14911
11462
11911
8662
11759
14349
14419
15133
11177
14881
11970
13642
12460
14138
11775
11392
11739
11048
13660
11684
11303
12745
13929
11879
14440
11149
14634
12350
15401
11457
9929
8773
13409
14693
10137
14599
9047
10511
14747
9261
11549
14553
14546
13097
14782
8871
15373
13634
12098
13132
14425
12637
15165
12131
13475
14787
11395
13875
14813
11619
14245
11380
15233
11784
11759
12018
12025
11580
14545
14793
14443
12815
15474
9889
14978
11344
11348
14747
11263
13601
12087
14041
11776
12581
11122
14008
11962
13920
13319
14705
12562
14929
13361
6982
8898
14881
12312
11371
14054
9299
11466
14533
9714
13786
14430
14753
11557
14283
10550
15152
11862
13868
11683
11541
15798
11820
15217
12401
11218
13896
13929
11879
15047
14384
10917
15252
12161
11770
11971
13094
13279
14428
14514
14268
12046
14507
11307
13058
13152
11489
14533
12693
11462
10753
14642
12784
8694
13947
14080
13366
14425
12121
14446
14062
14843
8854
9924
10947
15474
8758
14356
14358
9662
12668
14733
10509
11904
14093
12307
14395
13956
11215
12287
15339
8974
14440
11681
15381
12321
11687
14994
11476
14203
14008
12000
14539
13672
13279
15268
13055
13512
12784
11462
11772
14171
14728
11426
14657
14693
10897
11694
13777
12941
14733
8889
11759
13689
14170
8662
11069
13875
14813
11683
11541
14448
15434
11981
12284
11229
8592
11718
14507
10384
14446
11530
10822
11775
11848
8889
14618
14182
11680
14248
11882
12289
11939
12385
11881
13920
14169
14886
13756
12222
14862
12658
13947
14080
13101
14661
13470
12152
14911
11462
11911
8662
11759
14349
14419
15133
11177
14881
11970
13642
12460
14138
11775
11392
11739
11048
13660
11684
11303
12745
13929
11879
14440
11149
14634
12350
15401
11457
9929
8773
13409
14693
10137
14599
9047
10511
14747
9261
11549
14553
14546
13097
14782
8871
15373
13634
12098
13132
14425
12637
15165
12131
13475
14787
11395
13875
14813
11619
14245
12636
12152
14911
11462
11911
8662
11759
14349
14419
15133
11177
14881
11970
13642
12460
14138
11775
11392
11739
11048
13660
11684
11303
12745
13929
11879
14440
11149
14634
12350
15401
11457
9929
8773
13409
14693
10137
14599
9047
10511
14747
9261
11549
14553
14546
13097
14782
8871
15373
13634
12098
13132
14425
12637
15165
12131
13475
14787
11395
13875
14813
11619
14245
11380
15233
11784
11759
12018
12025
11580
14545
14793
14443
12815
15474
9889
14978
11344
11348
14747
11263
13601
12087
14041
11776
12581
11122
14008
11962
13920
13319
14705
12562
14929
13361
6982
8898
14881
12312
11371
14054
9299
11466
14533
9714
13786
14430
14753
11557
14283
10550
15152
11862
13868
11683
11541
15798
11820
15217
12401
11218
13896
13929
11879
15047
14384
10917
15252
12161
11770
11971
13094
13279
14428
14514
14268
12046
14507
11307
13058
13152
11489
14533
12693
11462
10753
14642
12784
8694
13947
14080
13366
14425
12121
14446
14062
14843
8854
9924
10947
15474
8758
14356
14358
9662
12668
14733
10509
11904
14093
12307
14395
13956
11215
12287
15339
8974
14440
11681
15381
12321
11687
14994
11476
14203
14008
12000
14539
13672
13279
15268
13055
13512
12784
11462
11772
14171
14728
11426
14657
14693
10897
11694
13777
12941
14733
8889
11759
13689
14170
8662
11069
13875
14813
11683
11541
14448
15434
11981
12284
11229
8592
11718
14507
10384
14446
11530
10822
11775
11848
8889
14618
14182
11680
14248
11882
12289
11939
12385
11881
13920
14169
14886
13756
12222
14862
12658
13947
14080
13101
14661
13470
12152
14911
11462
11911
8662
11759
14349
14419
15133
11177
14881
11970
13642
12460
14138
11775
11392
11739
11048
13660
11684
11303
12745
13929
11879
14440
11149
14634
12350
15401
11457
9929
8773
13409
14693
10137
14599
9047
10511
14747
9261
11549
14553
14546
13097
14782
8871
15373
13634
12098
13132
14425
12637
15165
12131
13475
14787
11395
13875
14813
11619
14245
11380
15233
11784
11759
12018
12025
11580
14545
14793
14443
12815
15474
9889
14978
11344
11348
14747
11263
13601
12087
14041
11776
12581
11122
14008
11962
13920
13319
14705
12562
14929
13361
6982
8898
14881
12312
11371
14054
9299
11466
14533
9714
13786
14430
14753
11557
14283
10550
15152
11862
13868
11683
11541
15798
11820
15217
12401
11218
13896
13929
11879
15047
14384
10917
15252
12161
11770
11971
13094
13279
14428
14514
14268
12046
14507
11307
13058
13152
11489
14533
12693
11462
10753
14642
12784
8694
13947
14080
13366
14425
12121
14446
14062
14843
8854
9924
10947
15474
8758
14356
14358
9662
12668
14733
10509
11904
14093
12307
14395
13956
11215
12287
15339
8974
14440
11681
15381
12321
11687
14994
11476
14203
14008
12000
14539
13672
13279
15268
13055
13512
12784
11462
11772
14171
14728
11426
14657
14693
10897
11694
13777
12941
14733
8889
11759
13689
14170
8662
11069
13875
14813
11683
11541
14448
15434
11981
12284
11229
8592
11718
14507
10384
14446
11530
10822
11775
11848
8889
14618
14182
11680
14248
11882
12289
11939
12385
11881
13920
14169
14886
13756
12222
14862
12658
13947
14080
13101
14661
13470
12152
14911
11462
11911
8662
11759
14349
14419
15133
11177
14881
11970
13642
12460
14138
11775
11392
11739
11048
13660
11684
11303
12745
13929
11879
14440
11149
14634
12350
15401
11457
9929
8773
13409
14693
10137
14599
9047
10511
14747
9261
11549
14553
14546
13097
14782
8871
15373
13634
12098
13132
14425
12637
15165
12131
13475
14787
11395
13875
14813
11619
14245
11380
15233
11784
11759
12018
12025
11580
14545
14793
14443
12815
15474
9889
14978
11344
11348
14747
11263
13601
12087
14041
11776
12581
11122
14008
11962
13920
13319
14705
12562
14929
13361
6982
8898
14881
12312
11371
14054
9299
11466
14533
9714
13786
14430
14753
11557
14283
10550
15152
11862
13868
11683
11541
15798
11820
15217
12401
11218
13896
13929
11879
15047
14384
10917
15252
12161
11770
11971
13094
13279
14428
14514
14268
12046
14507
11307
13058
13152
11489
14533
12693
11462
10753
14642
12784
8694
13947
14080
13366
14425
12121
14446
14062
14843
8854
9924
10947
15474
8758
14356
14358
9662
12668
14733
10509
11904
14093
12307
14395
13956
11215
12287
15339
8974
14440
11681
15381
12321
11687
14994
11476
14203
14008
12000
14539
13672
13279
15268
13055
13512
12784
11462
11772
14171
14728
11426
14657
14693
10897
11694
13777
12941
14733
8889
11759
13689
14170
8662
11069
13875
14813
11683
11541
14448
15434
11981
12284
11229
8592
11718
14507
10384
14446
11530
10822
11775
11848
8889
14618
14182
11680
14248
11882
12289
11939
12385
11881
13920
14169
14886
13756
12222
14862
12658
13947
14080
13101
14661
7995