
11754
16367
12934
12473
12929
10624
10452
14969
15505
15777
12450
16221
9294
16804
14129
12815
15881
9886
12973
11502
15153
10405
11822
14853
14943
10933
14997
12284
15209
11394
16209
12366
8671
8745
15848
12885
15085
15216
7152
10334
15929
7534
12987
15413
16147
15198
15441
8300
16121
16043
12774
15627
13061
17063
13637
15970
16706
12875
15202
14918
13737
16057
15138
10452
16278
10582
10628
10405
12973
13051
15656
16084
15020
16051
16315
9684
14308
14983
10628
15929
11997
15511
14284
15615
12494
12775
14994
15244
12473
14860
16118
15857
13157
15846
13107
8640
10610
16221
8552
15276
14659
10797
12407
15460
11997
16192
15393
13984
15840
15032
13435
13545
16231
13370
15522
11110
16362
11276
13179
16211
9994
14853
14943
10960
16398
15208
13061
16378
12973
13426
12494
15511
16090
15747
16007
12267
16157
15364
13788
10896
14853
12407
15448
13130
12454
14649
15709
12815
10433
14994
15814
15627
13047
16205
16565
16276
13219
10223
10822
14707
16315
7775
15816
12836
14167
15610
13034
13125
15638
15104
10859
15685
12614
16643
11001
13995
10681
14997
13514
15670
13227
10682
15601
12062
14994
15244
12267
15494
14313
16453
16049
15511
16301
12834
12468
15232
15211
15909
10161
15848
12609
16170
11174
14880
15610
12679
11170
9945
14975
12719
9965
11884
14918
13736
15522
10612
15395
14335
16237
10749
9127
10105
16157
15373
12193
15780
8574
12465
15881
8409
11005
15199
15319
11794
15365
8431
16274
12850
11253
12473
14860
17199
15711
16302
13236
15393
15343
14994
15814
15348
14792
11754
16367
12934
12473
12929
10624
10452
14969
15505
15777
12450
16221
9294
16804
14129
12815
15881
9886
12973
11502
15153
10405
11822
14853
14943
10933
14997
12284
15209
11394
16209
12366
8671
8745
15848
12885
15085
15216
7152
10334
15929
7534
12987
15413
16147
15198
15441
8300
16121
16043
12774
15627
13061
17063
13637
15970
16706
12875
15202
14918
13737
16057
15138
10452
16278
10582
10628
10405
12973
13051
15656
16084
15020
16051
16315
9684
14308
14983
10628
15929
11997
15511
14284
15615
12494
12775
14994
15244
12473
14860
16118
15857
13157
15846
13107
8640
10610
16221
8552
15276
14659
10797
12407
15460
11997
16192
15393
13984
15840
15032
13435
13545
16231
13370
15522
11110
16362
11276
13179
16211
9994
14853
14943
10960
16398
15208
13061
16378
12973
13426
12494
15511
16090
15747
16007
12267
16157
15364
13788
10896
14853
12407
15448
13130
12454
14649
15709
12815
10433
14994
15814
15627
13047
16205
16565
16276
13219
10223
10822
14707
16315
7775
15816
12836
14167
15610
13034
13125
15638
15104
10859
15685
12614
16643
11001
13995
10681
14997
13514
15670
13227
10682
15601
12062
14994
15244
12267
15494
14313
16453
16049
15511
16301
12834
12468
15232
15211
15909
10161
15848
12609
16170
11174
14880
15610
12679
11170
9945
14975
12719
9965
11884
14918
13736
15522
10612
15395
14335
16237
10749
9127
10105
16157
15373
12193
15780
8574
12465
15881
8409
11005
15199
15319
11794
15365
8431
16274
12850
11253
12473
14860
17199
15711
16302
13236
15393
15343
14994
15814
15348
14792
11754
16367
12934
12473
12929
10624
10452
14969
15505
15777
12450
16221
9294
16804
14129
12815
15881
9886
12973
11502
15153
10405
11822
14853
14943
10933
14997
12284
15209
11394
16209
12366
8671
8745
15848
12885
15085
15216
7152
10334
15929
7534
12987
15413
16147
15198
15441
8300
16121
16043
12774
15627
13061
17063
13637
15970
16706
12875
15202
14918
13737
16057
15138
10452
16278
10582
10628
10405
12973
13051
15656
16084
15020
16051
16315
9684
14308
14983
10628
15929
11997
15511
14284
15615
12494
12775
14994
15244
12473
14860
16118
15857
13157
15846
13107
8640
10610
16221
8552
15276
14659
10797
12407
15460
11997
16192
15393
13984
15840
15032
13435
13545
16231
13370
15522
11110
16362
11276
13179
16211
9994
14853
14943
10960
16398
15208
13061
16378
12973
13426
12494
15511
16090
15747
16007
12267
16157
15364
13788
10896
14853
12407
15448
13130
12454
14649
15709
12815
10433
14994
15814
15627
13047
16205
16565
16276
13219
10223
10822
14707
16315
7775
15816
12836
14167
15610
13034
13125
15638
15104
10859
15685
12614
16643
11001
13995
10681
14997
13514
15670
13227
10682
15601
12062
14994
15244
12267
15494
14313
16453
16049
15511
16301
12834
12468
15232
15211
15909
10161
15848
12609
16170
11174
14880
15610
12679
11170
9945
14975
12719
9965
11884
14918
13736
15522
10612
15395
14335
16237
10749
9127
10105
16157
15373
12193
15780
8574
12465
15881
8409
11005
15199
15319
11794
15365
8431
16274
12850
11253
12473
14860
17199
15711
16302
13236
15393
15343
14994
15814
15348
14792
11415
16453
16049
15511
16301
12834
12468
15232
15211
15909
10161
15848
12609
16170
11174
14880
15610
12679
11170
9945
14975
12719
9965
11884
14918
13736
15522
10612
15395
14335
16237
10749
9127
10105
16157
15373
12193
15780
8574
12465
15881
8409
11005
15199
15319
11794
15365
8431
16274
12850
11253
12473
14860
17199
15711
16302
13236
15393
15343
14994
15814
15348
14792
11754
16367
12934
12473
12929
10624
10452
14969
15505
15777
12450
16221
9294
16804
14129
12815
15881
9886
12973
11502
15153
10405
11822
14853
14943
10933
14997
12284
15209
11394
16209
12366
8671
8745
15848
12885
15085
15216
7152
10334
15929
7534
12987
15413
16147
15198
15441
8300
16121
16043
12774
15627
13061
17063
13637
15970
16706
12875
15202
14918
13737
16057
15138
10452
16278
10582
10628
10405
12973
13051
15656
16084
15020
16051
16315
9684
14308
14983
10628
15929
11997
15511
14284
15615
12494
12775
14994
15244
12473
14860
16118
15857
13157
15846
13107
8640
10610
16221
8552
15276
14659
10797
12407
15460
11997
16192
15393
13984
15840
15032
13435
13545
16231
13370
15522
11110
16362
11276
13179
16211
9994
14853
14943
10960
16398
15208
13061
16378
12973
13426
12494
15511
16090
15747
16007
12267
16157
15364
13788
10896
14853
12407
15448
13130
12454
14649
15709
12815
10433
14994
15814
15627
13047
16205
16565
16276
13219
10223
10822
14707
16315
7775
15816
12836
14167
15610
13034
13125
15638
15104
10859
15685
12614
16643
11001
13995
10681
14997
13514
15670
13227
10682
15601
12062
14994
15244
12267
15494
14313
16453
16049
15511
16301
12834
12468
15232
15211
15909
10161
15848
12609
16170
11174
14880
15610
12679
11170
9945
14975
12719
9965
11884
14918
13736
15522
10612
15395
14335
16237
10749
9127
10105
16157
15373
12193
15780
8574
12465
15881
8409
11005
15199
15319
11794
15365
8431
16274
12850
11253
12473
14860
17199
15711
16302
13236
15393
15343
14994
15814
15348
14792
11754
16367
12934
12473
12929
10624
10452
14969
15505
15777
12450
16221
9294
16804
14129
12815
15881
9886
12973
11502
15153
10405
11822
14853
14943
10933
14997
12284
15209
11394
16209
12366
8671
8745
15848
12885
15085
15216
7152
10334
15929
7534
12987
15413
16147
15198
15441
8300
16121
16043
12774
15627
13061
17063
13637
15970
16706
12875
15202
14918
13737
16057
15138
10452
16278
10582
10628
10405
12973
13051
15656
16084
15020
16051
16315
9684
14308
14983
10628
15929
11997
15511
14284
15615
12494
12775
14994
15244
12473
14860
16118
15857
13157
15846
13107
8640
10610
16221
8552
15276
14659
10797
12407
15460
11997
16192
15393
13984
15840
15032
13435
13545
16231
13370
15522
11110
16362
11276
13179
16211
9994
14853
14943
10960
16398
15208
13061
16378
12973
13426
12494
15511
16090
15747
16007
12267
16157
15364
13788
10896
14853
12407
15448
13130
12454
14649
15709
12815
10433
14994
15814
15627
13047
16205
16565
16276
13219
10223
10822
14707
16315
7775
15816
12836
14167
15610
13034
13125
15638
15104
10859
15685
12614
16643
11001
13995
10681
14997
13514
15670
13227
10682
15601
12062
14994
15244
12267
15494
14313
16453
16049
15511
16301
12834
12468
15232
15211
15909
10161
15848
12609
16170
11174
14880
15610
12679
11170
9945
14975
12719
9965
11884
14918
13736
15522
10612
15395
14335
16237
10749
9127
10105
16157
15373
12193
15780
8574
12465
15881
8409
11005
15199
15319
11794
15365
8431
16274
12850
11253
12473
14860
17199
15711
16302
13236
15393
15343
14994
15814
15348
14792
11754
16367
12934
12473
12929
10624
10452
14969
15505
15777
12450
16221
9294
16804
14129
12815
15881
9886
12973
11502
15153
10405
11822
14853
14943
10933
14997
12284
15209
11394
16209
12366
8671
8745
15848
12885
15085
15216
7152
10334
15929
7534
12987
15413
16147
15198
15441
8300
16121
16043
12774
15627
13061
17063
13637
15970
16706
12875
15202
14918
13737
16057
15138
10452
16278
10582
10628
10405
12973
13051
15656
16084
15020
16051
16315
9684
14308
14983
10628
15929
11997
15511
14284
15615
12494
12775
14994
15244
12473
14860
16118
15857
13157
15846
13107
8640
10610
16221
8552
15276
14659
10797
12407
15460
11997
16192
15393
13984
15840
15032
13435
13545
16231
13370
15522
11110
16362
11276
13179
16211
9994
14853
14943
10960
16398
15208
13061
16378
12973
13426
12494
15511
16090
15747
16007
12267
16157
15364
13788
10896
14853
12407
15448
13130
12454
14649
15709
12815
10433
14994
15814
15627
13047
16205
16565
16276
13219
10223
10822
14707
16315
7775
15816
12836
14167
15610
13034
13125
15638
15104
10859
15685
12614
16643
11001
13995
10681
14997
13514
15670
13227
10682
15601
12062
14994
15244
12267
15494
11104
13061
16378
12973
13426
12494
15511
16090
15747
16007
12267
16157
15364
13788
10896
14853
12407
15448
13130
12454
14649
15709
12815
10433
14994
15814
15627
13047
16205
16565
16276
13219
10223
10822
14707
16315
7775
15816
12836
14167
15610
13034
13125
15638
15104
10859
15685
12614
16643
11001
13995
10681
14997
13514
15670
13227
10682
15601
12062
14994
15244
12267
15494
14313
16453
16049
15511
16301
12834
12468
15232
15211
15909
10161
15848
12609
16170
11174
14880
15610
12679
11170
9945
14975
12719
9965
11884
14918
13736
15522
10612
15395
14335
16237
10749
9127
10105
16157
15373
12193
15780
8574
12465
15881
8409
11005
15199
15319
11794
15365
8431
16274
12850
11253
12473
14860
17199
15711
16302
13236
15393
15343
14994
15814
15348
14792
11754
16367
12934
12473
12929
10624
10452
14969
15505
15777
12450
16221
9294
16804
14129
12815
15881
9886
12973
11502
15153
10405
11822
14853
14943
10933
14997
12284
15209
11394
16209
12366
8671
8745
15848
12885
15085
15216
7152
10334
15929
7534
12987
15413
16147
15198
15441
8300
16121
16043
12774
15627
13061
17063
13637
15970
16706
12875
15202
14918
13737
16057
15138
10452
16278
10582
10628
10405
12973
13051
15656
16084
15020
16051
16315
9684
14308
14983
10628
15929
11997
15511
14284
15615
12494
12775
14994
15244
12473
14860
16118
15857
13157
15846
13107
8640
10610
16221
8552
15276
14659
10797
12407
15460
11997
16192
15393
13984
15840
15032
13435
13545
16231
13370
15522
11110
16362
11276
13179
16211
9994
14853
14943
10960
16398
15208
13061
16378
12973
13426
12494
15511
16090
15747
16007
12267
16157
15364
13788
10896
14853
12407
15448
13130
12454
14649
15709
12815
10433
14994
15814
15627
13047
16205
16565
16276
13219
10223
10822
14707
16315
7775
15816
12836
14167
15610
13034
13125
15638
15104
10859
15685
12614
16643
11001
13995
10681
14997
13514
15670
13227
10682
15601
12062
14994
15244
12267
15494
14313
16453
16049
15511
16301
12834
12468
15232
15211
15909
10161
15848
12609
16170
11174
14880
15610
12679
11170
9945
14975
12719
9965
11884
14918
13736
15522
10612
15395
14335
16237
10749
9127
10105
16157
15373
12193
15780
8574
12465
15881
8409
11005
15199
15319
11794
15365
8431
16274
12850
11253
12473
14860
17199
15711
16302
13236
15393
15343
14994
15814
15348
14792
11754
16367
12934
12473
12929
10624
10452
14969
15505
15777
12450
16221
9294
16804
14129
12815
15881
9886
12973
11502
15153
10405
11822
14853
14943
10933
14997
12284
15209
11394
16209
12366
8671
8745
15848
12885
15085
15216
7152
10334
15929
7534
12987
15413
16147
15198
15441
8300
16121
16043
12774
15627
13061
17063
13637
15970
16706
12875
15202
14918
13737
16057
15138
10452
16278
10582
10628
10405
12973
13051
15656
16084
15020
16051
16315
9684
14308
14983
10628
15929
11997
15511
14284
15615
12494
12775
14994
15244
12473
14860
16118
15857
13157
15846
13107
8640
10610
16221
8552
15276
14659
10797
12407
15460
11997
16192
15393
13984
15840
15032
13435
13545
16231
13370
15522
11110
16362
11276
13179
16211
9994
14853
14943
10960
16398
15208
13061
16378
12973
13426
12494
15511
16090
15747
16007
12267
16157
15364
13788
10896
14853
12407
15448
13130
12454
14649
15709
12815
10433
14994
15814
15627
13047
16205
16565
16276
13219
10223
10822
14707
16315
7775
15816
12836
14167
15610
13034
13125
15638
15104
10859
15685
12614
16643
11001
13995
10681
14997
13514
15670
13227
10682
15601
12062
14994
15244
12267
15494
14313
16453
16049
15511
16301
12834
12468
15232
15211
15909
10161
15848
12609
16170
11174
14880
15610
12679
11170
9945
14975
12719
9965
11884
14918
13736
15522
10612
15395
14335
16237
10749
9127
10105
16157
15373
12193
15780
8574
12465
15881
8409
11005
15199
15319
11794
15365
8431
16274
12850
11253
12473
14860
17199
15711
16302
13236
15393
15343
14994
15814
15348
14792
11754
16367
12934
12473
12929
10624
10452
14969
15505
15777
12450
16221
9294
16804
14129
12815
15881
9886
12973
11502
15153
10405
11822
14853
14943
10933
14997
12284
15209
11394
16209
12366
8671
8745
15848
12885
15085
15216
7152
10334
15929
7534
12987
15413
16147
15198
15441
8300
16121
16043
12774
15627
13061
17063
13637
15970
16706
12875
15202
14918
13737
16057
15138
10452
16278
10582
10628
10405
12973
13051
15656
16084
15020
16051
16315
9684
14308
14983
10628
15929
11997
15511
14284
15615
12494
12775
14994
15244
12473
14860
16118
15857
13157
15846
13107
8640
10610
16221
8552
15276
14659
10797
12407
15460
11997
16192
15393
13984
15840
15032
13435
13545
16231
13370
15522
11110
16362
11276
13179
16211
9994
14853
14943
10960
16398
13759
10452
16278
10582
10628
10405
12973
13051
15656
16084
15020
16051
16315
9684
14308
14983
10628
15929
11997
15511
14284
15615
12494
12775
14994
15244
12473
14860
16118
15857
13157
15846
13107
8640
10610
16221
8552
15276
14659
10797
12407
15460
11997
16192
15393
13984
15840
15032
13435
13545
16231
13370
15522
11110
16362
11276
13179
16211
9994
14853
14943
10960
16398
15208
13061
16378
12973
13426
12494
15511
16090
15747
16007
12267
16157
15364
13788
10896
14853
12407
15448
13130
12454
14649
15709
12815
10433
14994
15814
15627
13047
16205
16565
16276
13219
10223
10822
14707
16315
7775
15816
12836
14167
15610
13034
13125
15638
15104
10859
15685
12614
16643
11001
13995
10681
14997
13514
15670
13227
10682
15601
12062
14994
15244
12267
15494
14313
16453
16049
15511
16301
12834
12468
15232
15211
15909
10161
15848
12609
16170
11174
14880
15610
12679
11170
9945
14975
12719
9965
11884
14918
13736
15522
10612
15395
14335
16237
10749
9127
10105
16157
15373
12193
15780
8574
12465
15881
8409
11005
15199
15319
11794
15365
8431
16274
12850
11253
12473
14860
17199
15711
16302
13236
15393
15343
14994
15814
15348
14792
11754
16367
12934
12473
12929
10624
10452
14969
15505
15777
12450
16221
9294
16804
14129
12815
15881
9886
12973
11502
15153
10405
11822
14853
14943
10933
14997
12284
15209
11394
16209
12366
8671
8745
15848
12885
15085
15216
7152
10334
15929
7534
12987
15413
16147
15198
15441
8300
16121
16043
12774
15627
13061
17063
13637
15970
16706
12875
15202
14918
13737
16057
15138
10452
16278
10582
10628
10405
12973
13051
15656
16084
15020
16051
16315
9684
14308
14983
10628
15929
11997
15511
14284
15615
12494
12775
14994
15244
12473
14860
16118
15857
13157
15846
13107
8640
10610
16221
8552
15276
14659
10797
12407
15460
11997
16192
15393
13984
15840
15032
13435
13545
16231
13370
15522
11110
16362
11276
13179
16211
9994
14853
14943
10960
16398
15208
13061
16378
12973
13426
12494
15511
16090
15747
16007
12267
16157
15364
13788
10896
14853
12407
15448
13130
12454
14649
15709
12815
10433
14994
15814
15627
13047
16205
16565
16276
13219
10223
10822
14707
16315
7775
15816
12836
14167
15610
13034
13125
15638
15104
10859
15685
12614
16643
11001
13995
10681
14997
13514
15670
13227
10682
15601
12062
14994
15244
12267
15494
14313
16453
16049
15511
16301
12834
12468
15232
15211
15909
10161
15848
12609
16170
11174
14880
15610
12679
11170
9945
14975
12719
9965
11884
14918
13736
15522
10612
15395
14335
16237
10749
9127
10105
16157
15373
12193
15780
8574
12465
15881
8409
11005
15199
15319
11794
15365
8431
16274
12850
11253
12473
14860
17199
15711
16302
13236
15393
15343
14994
15814
15348
14792
11754
16367
12934
12473
12929
10624
10452
14969
15505
15777
12450
16221
9294
16804
14129
12815
15881
9886
12973
11502
15153
10405
11822
14853
14943
10933
14997
12284
15209
11394
16209
12366
8671
8745
15848
12885
15085
15216
7152
10334
15929
7534
12987
15413
16147
15198
15441
8300
16121
16043
12774
15627
13061
17063
13637
15970
16706
12875
15202
14918
13737
16057
15138
10452
16278
10582
10628
10405
12973
13051
15656
16084
15020
16051
16315
9684
14308
14983
10628
15929
11997
15511
14284
15615
12494
12775
14994
15244
12473
14860
16118
15857
13157
15846
13107
8640
10610
16221
8552
15276
14659
10797
12407
15460
11997
16192
15393
13984
15840
15032
13435
13545
16231
13370
15522
11110
16362
11276
13179
16211
9994
14853
14943
10960
16398
15208
13061
16378
12973
13426
12494
15511
16090
15747
16007
12267
16157
15364
13788
10896
14853
12407
15448
13130
12454
14649
15709
12815
10433
14994
15814
15627
13047
16205
16565
16276
13219
10223
10822
14707
16315
7775
15816
12836
14167
15610
13034
13125
15638
15104
10859
15685
12614
16643
11001
13995
10681
14997
13514
15670
13227
10682
15601
12062
14994
15244
12267
15494
14313
16453
16049
15511
16301
12834
12468
15232
15211
15909
10161
15848
12609
16170
11174
14880
15610
12679
11170
9945
14975
12719
9965
11884
14918
13736
15522
10612
15395
14335
16237
10749
9127
10105
16157
15373
12193
15780
8574
12465
15881
8409
11005
15199
15319
11794
15365
8431
16274
12850
11253
12473
14860
17199
15711
16302
13236
15393
15343
14994
15814
15348
14792
11754
16367
12934
12473
12929
10624
10452
14969
15505
15777
12450
16221
9294
16804
14129
12815
15881
9886
12973
11502
15153
10405
11822
14853
14943
10933
14997
12284
15209
11394
16209
12366
8671
8745
15848
12885
15085
15216
7152
10334
15929
7534
12987
15413
16147
15198
15441
8300
16121
16043
12774
15627
13061
17063
13637
15970
16706
12875
15202
14918
13737
16057
15097
11754
16367
12934
12473
12929
10624
10452
14969
15505
15777
12450
16221
9294
16804
14129
12815
15881
9886
12973
11502
15153
10405
11822
14853
14943
10933
14997
12284
15209
11394
16209
12366
8671
8745
15848
12885
15085
15216
7152
10334
15929
7534
12987
15413
16147
15198
15441
8300
16121
16043
12774
15627
13061
17063
13637
15970
16706
12875
15202
14918
13737
16057
15138
10452
16278
10582
10628
10405
12973
13051
15656
16084
15020
16051
16315
9684
14308
14983
10628
15929
11997
15511
14284
15615
12494
12775
14994
15244
12473
14860
16118
15857
13157
15846
13107
8640
10610
16221
8552
15276
14659
10797
12407
15460
11997
16192
15393
13984
15840
15032
13435
13545
16231
13370
15522
11110
16362
11276
13179
16211
9994
14853
14943
10960
16398
15208
13061
16378
12973
13426
12494
15511
16090
15747
16007
12267
16157
15364
13788
10896
14853
12407
15448
13130
12454
14649
15709
12815
10433
14994
15814
15627
13047
16205
16565
16276
13219
10223
10822
14707
16315
7775
15816
12836
14167
15610
13034
13125
15638
15104
10859
15685
12614
16643
11001
13995
10681
14997
13514
15670
13227
10682
15601
12062
14994
15244
12267
15494
14313
16453
16049
15511
16301
12834
12468
15232
15211
15909
10161
15848
12609
16170
11174
14880
15610
12679
11170
9945
14975
12719
9965
11884
14918
13736
15522
10612
15395
14335
16237
10749
9127
10105
16157
15373
12193
15780
8574
12465
15881
8409
11005
15199
15319
11794
15365
8431
16274
12850
11253
12473
14860
17199
15711
16302
13236
15393
15343
14994
15814
15348
14792
11754
16367
12934
12473
12929
10624
10452
14969
15505
15777
12450
16221
9294
16804
14129
12815
15881
9886
12973
11502
15153
10405
11822
14853
14943
10933
14997
12284
15209
11394
16209
12366
8671
8745
15848
12885
15085
15216
7152
10334
15929
7534
12987
15413
16147
15198
15441
8300
16121
16043
12774
15627
13061
17063
13637
15970
16706
12875
15202
14918
13737
16057
15138
10452
16278
10582
10628
10405
12973
13051
15656
16084
15020
16051
16315
9684
14308
14983
10628
15929
11997
15511
14284
15615
12494
12775
14994
15244
12473
14860
16118
15857
13157
15846
13107
8640
10610
16221
8552
15276
14659
10797
12407
15460
11997
16192
15393
13984
15840
15032
13435
13545
16231
13370
15522
11110
16362
11276
13179
16211
9994
14853
14943
10960
16398
15208
13061
16378
12973
13426
12494
15511
16090
15747
16007
12267
16157
15364
13788
10896
14853
12407
15448
13130
12454
14649
15709
12815
10433
14994
15814
15627
13047
16205
16565
16276
13219
10223
10822
14707
16315
7775
15816
12836
14167
15610
13034
13125
15638
15104
10859
15685
12614
16643
11001
13995
10681
14997
13514
15670
13227
10682
15601
12062
14994
15244
12267
15494
14313
16453
16049
15511
16301
12834
12468
15232
15211
15909
10161
15848
12609
16170
11174
14880
15610
12679
11170
9945
14975
12719
9965
11884
14918
13736
15522
10612
15395
14335
16237
10749
9127
10105
16157
15373
12193
15780
8574
12465
15881
8409
11005
15199
15319
11794
15365
8431
16274
12850
11253
12473
14860
17199
15711
16302
13236
15393
15343
14994
15814
15348
14792
11754
16367
12934
12473
12929
10624
10452
14969
15505
15777
12450
16221
9294
16804
14129
12815
15881
9886
12973
11502
15153
10405
11822
14853
14943
10933
14997
12284
15209
11394
16209
12366
8671
8745
15848
12885
15085
15216
7152
10334
15929
7534
12987
15413
16147
15198
15441
8300
16121
16043
12774
15627
13061
17063
13637
15970
16706
12875
15202
14918
13737
16057
15138
10452
16278
10582
10628
10405
12973
13051
15656
16084
15020
16051
16315
9684
14308
14983
10628
15929
11997
15511
14284
15615
12494
12775
14994
15244
12473
14860
16118
15857
13157
15846
13107
8640
10610
16221
8552
15276
14659
10797
12407
15460
11997
16192
15393
13984
15840
15032
13435
13545
16231
13370
15522
11110
16362
11276
13179
16211
9994
14853
14943
10960
16398
15208
13061
16378
12973
13426
12494
15511
16090
15747
16007
12267
16157
15364
13788
10896
14853
12407
15448
13130
12454
14649
15709
12815
10433
14994
15814
15627
13047
16205
16565
16276
13219
10223
10822
14707
16315
7775
15816
12836
14167
15610
13034
13125
15638
15104
10859
15685
12614
16643
11001
13995
10681
14997
13514
15670
13227
10682
15601
12062
14994
15244
12267
15494
14313
16453
16049
15511
16301
12834
12468
15232
15211
15909
10161
15848
12609
16170
11174
14880
15610
12679
11170
9945
14975
12719
9965
11884
14918
13736
15522
10612
15395
14335
16237
10749
9127
10105
16157
15373
12193
15780
8574
12465
15881
8409
11005
15199
15319
11794
15365
8431
16274
12850
11253
12473
14860
17199
15711
16302
13236
15393
15343
14994
15814
15348
14792
11415
16453
16049
15511
16301
12834
12468
15232
15211
15909
10161
15848
12609
16170
11174
14880
15610
12679
11170
9945
14975
12719
9965
11884
14918
13736
15522
10612
15395
14335
16237
10749
9127
10105
16157
15373
12193
15780
8574
12465
15881
8409
11005
15199
15319
11794
15365
8431
16274
12850
11253
12473
14860
17199
15711
16302
13236
15393
15343
14994
15814
15348
14792
11754
16367
12934
12473
12929
10624
10452
14969
15505
15777
12450
16221
9294
16804
14129
12815
15881
9886
12973
11502
15153
10405
11822
14853
14943
10933
14997
12284
15209
11394
16209
12366
8671
8745
15848
12885
15085
15216
7152
10334
15929
7534
12987
15413
16147
15198
15441
8300
16121
16043
12774
15627
13061
17063
13637
15970
16706
12875
15202
14918
13737
16057
15138
10452
16278
10582
10628
10405
12973
13051
15656
16084
15020
16051
16315
9684
14308
14983
10628
15929
11997
15511
14284
15615
12494
12775
14994
15244
12473
14860
16118
15857
13157
15846
13107
8640
10610
16221
8552
15276
14659
10797
12407
15460
11997
16192
15393
13984
15840
15032
13435
13545
16231
13370
15522
11110
16362
11276
13179
16211
9994
14853
14943
10960
16398
15208
13061
16378
12973
13426
12494
15511
16090
15747
16007
12267
16157
15364
13788
10896
14853
12407
15448
13130
12454
14649
15709
12815
10433
14994
15814
15627
13047
16205
16565
16276
13219
10223
10822
14707
16315
7775
15816
12836
14167
15610
13034
13125
15638
15104
10859
15685
12614
16643
11001
13995
10681
14997
13514
15670
13227
10682
15601
12062
14994
15244
12267
15494
14313
16453
16049
15511
16301
12834
12468
15232
15211
15909
10161
15848
12609
16170
11174
14880
15610
12679
11170
9945
14975
12719
9965
11884
14918
13736
15522
10612
15395
14335
16237
10749
9127
10105
16157
15373
12193
15780
8574
12465
15881
8409
11005
15199
15319
11794
15365
8431
16274
12850
11253
12473
14860
17199
15711
16302
13236
15393
15343
14994
15814
15348
14792
11754
16367
12934
12473
12929
10624
10452
14969
15505
15777
12450
16221
9294
16804
14129
12815
15881
9886
12973
11502
15153
10405
11822
14853
14943
10933
14997
12284
15209
11394
16209
12366
8671
8745
15848
12885
15085
15216
7152
10334
15929
7534
12987
15413
16147
15198
15441
8300
16121
16043
12774
15627
13061
17063
13637
15970
16706
12875
15202
14918
13737
16057
15138
10452
16278
10582
10628
10405
12973
13051
15656
16084
15020
16051
16315
9684
14308
14983
10628
15929
11997
15511
14284
15615
12494
12775
14994
15244
12473
14860
16118
15857
13157
15846
13107
8640
10610
16221
8552
15276
14659
10797
12407
15460
11997
16192
15393
13984
15840
15032
13435
13545
16231
13370
15522
11110
16362
11276
13179
16211
9994
14853
14943
10960
16398
15208
13061
16378
12973
13426
12494
15511
16090
15747
16007
12267
16157
15364
13788
10896
14853
12407
15448
13130
12454
14649
15709
12815
10433
14994
15814
15627
13047
16205
16565
16276
13219
10223
10822
14707
16315
7775
15816
12836
14167
15610
13034
13125
15638
15104
10859
15685
12614
16643
11001
13995
10681
14997
13514
15670
13227
10682
15601
12062
14994
15244
12267
15494
14313
16453
16049
15511
16301
12834
12468
15232
15211
15909
10161
15848
12609
16170
11174
14880
15610
12679
11170
9945
14975
12719
9965
11884
14918
13736
15522
10612
15395
14335
16237
10749
9127
10105
16157
15373
12193
15780
8574
12465
15881
8409
11005
15199
15319
11794
15365
8431
16274
12850
11253
12473
14860
17199
15711
16302
13236
15393
15343
14994
15814
15348
14792
11754
16367
12934
12473
12929
10624
10452
14969
15505
15777
12450
16221
9294
16804
14129
12815
15881
9886
12973
11502
15153
10405
11822
14853
14943
10933
14997
12284
15209
11394
16209
12366
8671
8745
15848
12885
15085
15216
7152
10334
15929
7534
12987
15413
16147
15198
15441
8300
16121
16043
12774
15627
13061
17063
13637
15970
16706
12875
15202
14918
13737
16057
15138
10452
16278
10582
10628
10405
12973
13051
15656
16084
15020
16051
16315
9684
14308
14983
10628
15929
11997
15511
14284
15615
12494
12775
14994
15244
12473
14860
16118
15857
13157
15846
13107
8640
10610
16221
8552
15276
14659
10797
12407
15460
11997
16192
15393
13984
15840
15032
13435
13545
16231
13370
15522
11110
16362
11276
13179
16211
9994
14853
14943
10960
16398
15208
13061
16378
12973
13426
12494
15511
16090
15747
16007
12267
16157
15364
13788
10896
14853
12407
15448
13130
12454
14649
15709
12815
10433
14994
15814
15627
13047
16205
16565
16276
13219
10223
10822
14707
16315
7775
15816
12836
14167
15610
13034
13125
15638
15104
10859
15685
12614
16643
11001
13995
10681
14997
13514
15670
13227
10682
15601
12062
14994
15244
12267
15494
11104
13061
16378
12973
13426
12494
15511
16090
15747
16007
12267
16157
15364
13788
10896
14853
12407
15448
13130
12454
14649
15709
12815
10433
14994
15814
15627
13047
16205
16565
16276
13219
10223
10822
14707
16315
7775
15816
12836
14167
15610
13034
13125
15638
15104
10859
15685
12614
16643
11001
13995
10681
14997
13514
15670
13227
10682
15601
12062
14994
15244
12267
15494
14313
16453
16049
15511
16301
12834
12468
15232
15211
15909
10161
15848
12609
16170
11174
14880
15610
12679
11170
9945
14975
12719
9965
11884
14918
13736
15522
10612
15395
14335
16237
10749
9127
10105
16157
15373
12193
15780
8574
12465
15881
8409
11005
15199
15319
11794
15365
8431
16274
12850
11253
12473
14860
17199
15711
16302
13236
15393
15343
14994
15814
15348
14792
11754
16367
12934
12473
12929
10624
10452
14969
15505
15777
12450
16221
9294
16804
14129
12815
15881
9886
12973
11502
15153
10405
11822
14853
14943
10933
14997
12284
15209
11394
16209
12366
8671
8745
15848
12885
15085
15216
7152
10334
15929
7534
12987
15413
16147
15198
15441
8300
16121
16043
12774
15627
13061
17063
13637
15970
16706
12875
15202
14918
13737
16057
15138
10452
16278
10582
10628
10405
12973
13051
15656
16084
15020
16051
16315
9684
14308
14983
10628
15929
11997
15511
14284
15615
12494
12775
14994
15244
12473
14860
16118
15857
13157
15846
13107
8640
10610
16221
8552
15276
14659
10797
12407
15460
11997
16192
15393
13984
15840
15032
13435
13545
16231
13370
15522
11110
16362
11276
13179
16211
9994
14853
14943
10960
16398
15208
13061
16378
12973
13426
12494
15511
16090
15747
16007
12267
16157
15364
13788
10896
14853
12407
15448
13130
12454
14649
15709
12815
10433
14994
15814
15627
13047
16205
16565
16276
13219
10223
10822
14707
16315
7775
15816
12836
14167
15610
13034
13125
15638
15104
10859
15685
12614
16643
11001
13995
10681
14997
13514
15670
13227
10682
15601
12062
14994
15244
12267
15494
14313
16453
16049
15511
16301
12834
12468
15232
15211
15909
10161
15848
12609
16170
11174
14880
15610
12679
11170
9945
14975
12719
9965
11884
14918
13736
15522
10612
15395
14335
16237
10749
9127
10105
16157
15373
12193
15780
8574
12465
15881
8409
11005
15199
15319
11794
15365
8431
16274
12850
11253
12473
14860
17199
15711
16302
13236
15393
15343
14994
15814
15348
14792
11754
16367
12934
12473
12929
10624
10452
14969
15505
15777
12450
16221
9294
16804
14129
12815
15881
9886
12973
11502
15153
10405
11822
14853
14943
10933
14997
12284
15209
11394
16209
12366
8671
8745
15848
12885
15085
15216
7152
10334
15929
7534
12987
15413
16147
15198
15441
8300
16121
16043
12774
15627
13061
17063
13637
15970
16706
12875
15202
14918
13737
16057
15138
10452
16278
10582
10628
10405
12973
13051
15656
16084
15020
16051
16315
9684
14308
14983
10628
15929
11997
15511
14284
15615
12494
12775
14994
15244
12473
14860
16118
15857
13157
15846
13107
8640
10610
16221
8552
15276
14659
10797
12407
15460
11997
16192
15393
13984
15840
15032
13435
13545
16231
13370
15522
11110
16362
11276
13179
16211
9994
14853
14943
10960
16398
15208
13061
16378
12973
13426
12494
15511
16090
15747
16007
12267
16157
15364
13788
10896
14853
12407
15448
13130
12454
14649
15709
12815
10433
14994
15814
15627
13047
16205
16565
16276
13219
10223
10822
14707
16315
7775
15816
12836
14167
15610
13034
13125
15638
15104
10859
15685
12614
16643
11001
13995
10681
14997
13514
15670
13227
10682
15601
12062
14994
15244
12267
15494
14313
16453
16049
15511
16301
12834
12468
15232
15211
15909
10161
15848
12609
16170
11174
14880
15610
12679
11170
9945
14975
12719
9965
11884
14918
13736
15522
10612
15395
14335
16237
10749
9127
10105
16157
15373
12193
15780
8574
12465
15881
8409
11005
15199
15319
11794
15365
8431
16274
12850
11253
12473
14860
17199
15711
16302
13236
15393
15343
14994
15814
15348
14792
11754
16367
12934
12473
12929
10624
10452
14969
15505
15777
12450
16221
9294
16804
14129
12815
15881
9886
12973
11502
15153
10405
11822
14853
14943
10933
14997
12284
15209
11394
16209
12366
8671
8745
15848
12885
15085
15216
7152
10334
15929
7534
12987
15413
16147
15198
15441
8300
16121
16043
12774
15627
13061
17063
13637
15970
16706
12875
15202
14918
13737
16057
15138
10452
16278
10582
10628
10405
12973
13051
15656
16084
15020
16051
16315
9684
14308
14983
10628
15929
11997
15511
14284
15615
12494
12775
14994
15244
12473
14860
16118
15857
13157
15846
13107
8640
10610
16221
8552
15276
14659
10797
12407
15460
11997
16192
15393
13984
15840
15032
13435
13545
16231
13370
15522
11110
16362
11276
13179
16211
9994
14853
14943
10960
16398
13671