
19639
28875
21311
20901
20831
26704
27222
27878
27949
26575
25283
27578
21853
23042
25530
20114
27570
25787
23436
22245
28137
25971
17083
26558
26898
26652
27324
25608
27829
28151
27917
17219
18935
22147
29667
13429
27395
26924
20960
25677
27693
23211
24725
26725
21855
27782
26207
25005
21520
29284
17321
27339
20608
28701
21561
20170
28106
19633
26713
26604
20664
27800
26008
27222
29039
26658
27813
25971
23436
24358
26931
27853
19749
27880
27221
23514
19668
26027
25999
27693
17578
20175
26230
26981
16529
19196
26325
28573
24263
20653
27462
29853
24784
21503
19180
17815
25107
27578
19201
27761
20628
22892
24460
20795
17578
27327
26671
19793
26884
20901
25428
20701
21947
20512
26011
28789
27725
27695
21312
27734
25647
26558
26898
25983
27173
24910
25318
28120
23436
24542
16529
20175
26593
26956
28670
19594
27975
20841
27538
23968
26897
24460
19643
20721
19077
26146
20047
19320
25395
26358
21072
27339
19264
27158
21853
29197
19832
18279
16134
26408
27221
22434
27706
14081
18703
28199
14234
20241
27306
27769
25706
27832
13774
28919
27383
20849
26376
27324
26446
28884
25026
27561
28013
23840
26325
28573
24064
26526
19840
28831
20132
20175
20408
21144
20421
27418
28291
27303
26099
29667
16282
28876
23560
20081
28199
19286
27302
24204
26731
20601
25399
23079
26604
20568
26011
26635
27803
21601
28320
26743
12721
15824
27975
21705
23471
26218
16660
20133
27570
17828
27767
27536
28606
24211
27167
19940
28677
24617
27659
24263
20653
29868
20956
28727
25846
19471
26232
26358
21072
29091
27552
19639
28875
21311
20901
20831
26704
27222
27878
27949
26575
25283
27578
21853
23042
25530
20114
27570
25787
23436
22245
28137
25971
17083
26558
26898
26652
27324
25608
27829
28151
27917
17219
18935
22147
29667
13429
27395
26924
20960
25677
27693
23211
24725
26725
21855
27782
26207
25005
21520
29284
17321
27339
20608
28701
21561
20170
28106
19633
26713
26604
20664
27800
26008
27222
29039
26658
27813
25971
23436
24358
26931
27853
19749
27880
27221
23514
19668
26027
25999
27693
17578
20175
26230
26981
16529
19196
26325
28573
24263
20653
27462
29853
24784
21503
19180
17815
25107
27578
19201
27761
20628
22892
24460
20795
17578
27327
26671
19793
26884
20901
25428
20701
21947
20512
26011
28789
27725
27695
21312
27734
25647
26558
26898
25983
27173
24910
25318
28120
23436
24542
16529
20175
26593
26956
28670
19594
27975
20841
27538
23968
26897
24460
19643
20721
19077
26146
20047
19320
25395
26358
21072
27339
19264
27158
21853
29197
19832
18279
16134
26408
27221
22434
27706
14081
18703
28199
14234
20241
27306
27769
25706
27832
13774
28919
27383
20849
26376
27324
26446
28884
25026
27561
28013
23840
26325
28573
24064
26526
19840
28831
20132
20175
20408
21144
20421
27418
28291
27303
26099
29667
16282
28876
23560
20081
28199
19286
27302
24204
26731
20601
25399
23079
26604
20568
26011
26635
27803
21601
28320
26743
12721
15824
27975
21705
23471
26218
16660
20133
27570
17828
27767
27536
28606
24211
27167
19940
28677
24617
27659
24263
20653
29868
20956
28727
25846
19471
26232
26358
21072
29091
27552
19639
28875
21311
20901
20831
26704
27222
27878
27949
26575
25283
27578
21853
23042
25530
20114
27570
25787
23436
22245
28137
25971
17083
26558
26898
26652
27324
25608
27829
28151
27917
17219
18935
22147
29667
13429
27395
26924
20960
25677
27693
23211
24725
26725
21855
27782
26207
25005
21520
29284
17321
27339
20608
28701
21561
20170
28106
19633
26713
26604
20664
27800
26008
27222
29039
26658
27813
25971
23436
24358
26931
27853
19749
27880
27221
23514
19668
26027
25999
27693
17578
20175
26230
26981
16529
19196
26325
28573
24263
20653
27462
29853
24784
21503
19180
17815
25107
27578
19201
27761
20628
22892
24460
20795
17578
27327
26671
19793
26884
20901
25428
20701
21947
20512
26011
28789
27725
27695
21312
27734
25647
26558
26898
25983
27173
24910
25318
28120
23436
24542
16529
20175
26593
26956
28670
19594
27975
20841
27538
23968
26897
24460
19643
20721
19077
26146
20047
19320
25395
26358
21072
27339
19264
27158
21853
29197
19832
18279
16134
26408
27221
22434
27706
14081
18703
28199
14234
20241
27306
27769
25706
27832
13774
28919
27383
20849
26376
27324
26446
28884
25026
27561
28013
23840
26325
28573
24064
26526
19840
28831
20132
20175
20408
21144
20421
27418
28291
27303
26099
29667
16282
28876
23560
20081
28199
19286
27302
24204
26731
20601
25399
23079
26604
20568
26011
26635
27803
21601
28320
26743
12721
15824
27975
21705
23471
26218
16660
20133
27570
17828
27767
27536
28606
24211
27167
19940
28677
24617
27659
24263
20653
29868
20956
28727
25846
19471
26232
26358
21072
29091
27552
16666
28831
20132
20175
20408
21144
20421
27418
28291
27303
26099
29667
16282
28876
23560
20081
28199
19286
27302
24204
26731
20601
25399
23079
26604
20568
26011
26635
27803
21601
28320
26743
12721
15824
27975
21705
23471
26218
16660
20133
27570
17828
27767
27536
28606
24211
27167
19940
28677
24617
27659
24263
20653
29868
20956
28727
25846
19471
26232
26358
21072
29091
27552
19639
28875
21311
20901
20831
26704
27222
27878
27949
26575
25283
27578
21853
23042
25530
20114
27570
25787
23436
22245
28137
25971
17083
26558
26898
26652
27324
25608
27829
28151
27917
17219
18935
22147
29667
13429
27395
26924
20960
25677
27693
23211
24725
26725
21855
27782
26207
25005
21520
29284
17321
27339
20608
28701
21561
20170
28106
19633
26713
26604
20664
27800
26008
27222
29039
26658
27813
25971
23436
24358
26931
27853
19749
27880
27221
23514
19668
26027
25999
27693
17578
20175
26230
26981
16529
19196
26325
28573
24263
20653
27462
29853
24784
21503
19180
17815
25107
27578
19201
27761
20628
22892
24460
20795
17578
27327
26671
19793
26884
20901
25428
20701
21947
20512
26011
28789
27725
27695
21312
27734
25647
26558
26898
25983
27173
24910
25318
28120
23436
24542
16529
20175
26593
26956
28670
19594
27975
20841
27538
23968
26897
24460
19643
20721
19077
26146
20047
19320
25395
26358
21072
27339
19264
27158
21853
29197
19832
18279
16134
26408
27221
22434
27706
14081
18703
28199
14234
20241
27306
27769
25706
27832
13774
28919
27383
20849
26376
27324
26446
28884
25026
27561
28013
23840
26325
28573
24064
26526
19840
28831
20132
20175
20408
21144
20421
27418
28291
27303
26099
29667
16282
28876
23560
20081
28199
19286
27302
24204
26731
20601
25399
23079
26604
20568
26011
26635
27803
21601
28320
26743
12721
15824
27975
21705
23471
26218
16660
20133
27570
17828
27767
27536
28606
24211
27167
19940
28677
24617
27659
24263
20653
29868
20956
28727
25846
19471
26232
26358
21072
29091
27552
19639
28875
21311
20901
20831
26704
27222
27878
27949
26575
25283
27578
21853
23042
25530
20114
27570
25787
23436
22245
28137
25971
17083
26558
26898
26652
27324
25608
27829
28151
27917
17219
18935
22147
29667
13429
27395
26924
20960
25677
27693
23211
24725
26725
21855
27782
26207
25005
21520
29284
17321
27339
20608
28701
21561
20170
28106
19633
26713
26604
20664
27800
26008
27222
29039
26658
27813
25971
23436
24358
26931
27853
19749
27880
27221
23514
19668
26027
25999
27693
17578
20175
26230
26981
16529
19196
26325
28573
24263
20653
27462
29853
24784
21503
19180
17815
25107
27578
19201
27761
20628
22892
24460
20795
17578
27327
26671
19793
26884
20901
25428
20701
21947
20512
26011
28789
27725
27695
21312
27734
25647
26558
26898
25983
27173
24910
25318
28120
23436
24542
16529
20175
26593
26956
28670
19594
27975
20841
27538
23968
26897
24460
19643
20721
19077
26146
20047
19320
25395
26358
21072
27339
19264
27158
21853
29197
19832
18279
16134
26408
27221
22434
27706
14081
18703
28199
14234
20241
27306
27769
25706
27832
13774
28919
27383
20849
26376
27324
26446
28884
25026
27561
28013
23840
26325
28573
24064
26526
19840
28831
20132
20175
20408
21144
20421
27418
28291
27303
26099
29667
16282
28876
23560
20081
28199
19286
27302
24204
26731
20601
25399
23079
26604
20568
26011
26635
27803
21601
28320
26743
12721
15824
27975
21705
23471
26218
16660
20133
27570
17828
27767
27536
28606
24211
27167
19940
28677
24617
27659
24263
20653
29868
20956
28727
25846
19471
26232
26358
21072
29091
27552
19639
28875
21311
20901
20831
26704
27222
27878
27949
26575
25283
27578
21853
23042
25530
20114
27570
25787
23436
22245
28137
25971
17083
26558
26898
26652
27324
25608
27829
28151
27917
17219
18935
22147
29667
13429
27395
26924
20960
25677
27693
23211
24725
26725
21855
27782
26207
25005
21520
29284
17321
27339
20608
28701
21561
20170
28106
19633
26713
26604
20664
27800
26008
27222
29039
26658
27813
25971
23436
24358
26931
27853
19749
27880
27221
23514
19668
26027
25999
27693
17578
20175
26230
26981
16529
19196
26325
28573
24263
20653
27462
29853
24784
21503
19180
17815
25107
27578
19201
27761
20628
22892
24460
20795
17578
27327
26671
19793
26884
20901
25428
20701
21947
20512
26011
28789
27725
27695
21312
27734
25647
26558
26898
25983
27173
24910
25318
28120
23436
24542
16529
20175
26593
26956
28670
19594
27975
20841
27538
23968
26897
24460
19643
20721
19077
26146
20047
19320
25395
26358
21072
27339
19264
27158
21853
29197
19832
18279
16134
26408
27221
22434
27706
14081
18703
28199
14234
20241
27306
27769
25706
27832
13774
28919
27383
20849
26376
27324
26446
28884
25026
27561
28013
23840
26325
28573
24064
26526
24381
25318
28120
23436
24542
16529
20175
26593
26956
28670
19594
27975
20841
27538
23968
26897
24460
19643
20721
19077
26146
20047
19320
25395
26358
21072
27339
19264
27158
21853
29197
19832
18279
16134
26408
27221
22434
27706
14081
18703
28199
14234
20241
27306
27769
25706
27832
13774
28919
27383
20849
26376
27324
26446
28884
25026
27561
28013
23840
26325
28573
24064
26526
19840
28831
20132
20175
20408
21144
20421
27418
28291
27303
26099
29667
16282
28876
23560
20081
28199
19286
27302
24204
26731
20601
25399
23079
26604
20568
26011
26635
27803
21601
28320
26743
12721
15824
27975
21705
23471
26218
16660
20133
27570
17828
27767
27536
28606
24211
27167
19940
28677
24617
27659
24263
20653
29868
20956
28727
25846
19471
26232
26358
21072
29091
27552
19639
28875
21311
20901
20831
26704
27222
27878
27949
26575
25283
27578
21853
23042
25530
20114
27570
25787
23436
22245
28137
25971
17083
26558
26898
26652
27324
25608
27829
28151
27917
17219
18935
22147
29667
13429
27395
26924
20960
25677
27693
23211
24725
26725
21855
27782
26207
25005
21520
29284
17321
27339
20608
28701
21561
20170
28106
19633
26713
26604
20664
27800
26008
27222
29039
26658
27813
25971
23436
24358
26931
27853
19749
27880
27221
23514
19668
26027
25999
27693
17578
20175
26230
26981
16529
19196
26325
28573
24263
20653
27462
29853
24784
21503
19180
17815
25107
27578
19201
27761
20628
22892
24460
20795
17578
27327
26671
19793
26884
20901
25428
20701
21947
20512
26011
28789
27725
27695
21312
27734
25647
26558
26898
25983
27173
24910
25318
28120
23436
24542
16529
20175
26593
26956
28670
19594
27975
20841
27538
23968
26897
24460
19643
20721
19077
26146
20047
19320
25395
26358
21072
27339
19264
27158
21853
29197
19832
18279
16134
26408
27221
22434
27706
14081
18703
28199
14234
20241
27306
27769
25706
27832
13774
28919
27383
20849
26376
27324
26446
28884
25026
27561
28013
23840
26325
28573
24064
26526
19840
28831
20132
20175
20408
21144
20421
27418
28291
27303
26099
29667
16282
28876
23560
20081
28199
19286
27302
24204
26731
20601
25399
23079
26604
20568
26011
26635
27803
21601
28320
26743
12721
15824
27975
21705
23471
26218
16660
20133
27570
17828
27767
27536
28606
24211
27167
19940
28677
24617
27659
24263
20653
29868
20956
28727
25846
19471
26232
26358
21072
29091
27552
19639
28875
21311
20901
20831
26704
27222
27878
27949
26575
25283
27578
21853
23042
25530
20114
27570
25787
23436
22245
28137
25971
17083
26558
26898
26652
27324
25608
27829
28151
27917
17219
18935
22147
29667
13429
27395
26924
20960
25677
27693
23211
24725
26725
21855
27782
26207
25005
21520
29284
17321
27339
20608
28701
21561
20170
28106
19633
26713
26604
20664
27800
26008
27222
29039
26658
27813
25971
23436
24358
26931
27853
19749
27880
27221
23514
19668
26027
25999
27693
17578
20175
26230
26981
16529
19196
26325
28573
24263
20653
27462
29853
24784
21503
19180
17815
25107
27578
19201
27761
20628
22892
24460
20795
17578
27327
26671
19793
26884
20901
25428
20701
21947
20512
26011
28789
27725
27695
21312
27734
25647
26558
26898
25983
27173
24910
25318
28120
23436
24542
16529
20175
26593
26956
28670
19594
27975
20841
27538
23968
26897
24460
19643
20721
19077
26146
20047
19320
25395
26358
21072
27339
19264
27158
21853
29197
19832
18279
16134
26408
27221
22434
27706
14081
18703
28199
14234
20241
27306
27769
25706
27832
13774
28919
27383
20849
26376
27324
26446
28884
25026
27561
28013
23840
26325
28573
24064
26526
19840
28831
20132
20175
20408
21144
20421
27418
28291
27303
26099
29667
16282
28876
23560
20081
28199
19286
27302
24204
26731
20601
25399
23079
26604
20568
26011
26635
27803
21601
28320
26743
12721
15824
27975
21705
23471
26218
16660
20133
27570
17828
27767
27536
28606
24211
27167
19940
28677
24617
27659
24263
20653
29868
20956
28727
25846
19471
26232
26358
21072
29091
27552
19639
28875
21311
20901
20831
26704
27222
27878
27949
26575
25283
27578
21853
23042
25530
20114
27570
25787
23436
22245
28137
25971
17083
26558
26898
26652
27324
25608
27829
28151
27917
17219
18935
22147
29667
13429
27395
26924
20960
25677
27693
23211
24725
26725
21855
27782
26207
25005
21520
29284
17321
27339
20608
28701
21561
20170
28106
19633
26713
26604
20664
27800
26008
27222
29039
26658
27813
25971
23436
24358
26931
27853
19749
27880
27221
23514
19668
26027
25999
27693
17578
20175
26230
26981
16529
19196
26325
28573
24263
20653
27462
29853
24784
21503
19180
17815
25107
27578
19201
27761
20628
22892
24460
20795
17578
27327
26671
19793
26884
20901
25428
20701
21947
20512
26011
28789
27725
27695
21312
27734
25647
26558
26898
25983
27173
19507
27222
29039
26658
27813
25971
23436
24358
26931
27853
19749
27880
27221
23514
19668
26027
25999
27693
17578
20175
26230
26981
16529
19196
26325
28573
24263
20653
27462
29853
24784
21503
19180
17815
25107
27578
19201
27761
20628
22892
24460
20795
17578
27327
26671
19793
26884
20901
25428
20701
21947
20512
26011
28789
27725
27695
21312
27734
25647
26558
26898
25983
27173
24910
25318
28120
23436
24542
16529
20175
26593
26956
28670
19594
27975
20841
27538
23968
26897
24460
19643
20721
19077
26146
20047
19320
25395
26358
21072
27339
19264
27158
21853
29197
19832
18279
16134
26408
27221
22434
27706
14081
18703
28199
14234
20241
27306
27769
25706
27832
13774
28919
27383
20849
26376
27324
26446
28884
25026
27561
28013
23840
26325
28573
24064
26526
19840
28831
20132
20175
20408
21144
20421
27418
28291
27303
26099
29667
16282
28876
23560
20081
28199
19286
27302
24204
26731
20601
25399
23079
26604
20568
26011
26635
27803
21601
28320
26743
12721
15824
27975
21705
23471
26218
16660
20133
27570
17828
27767
27536
28606
24211
27167
19940
28677
24617
27659
24263
20653
29868
20956
28727
25846
19471
26232
26358
21072
29091
27552
19639
28875
21311
20901
20831
26704
27222
27878
27949
26575
25283
27578
21853
23042
25530
20114
27570
25787
23436
22245
28137
25971
17083
26558
26898
26652
27324
25608
27829
28151
27917
17219
18935
22147
29667
13429
27395
26924
20960
25677
27693
23211
24725
26725
21855
27782
26207
25005
21520
29284
17321
27339
20608
28701
21561
20170
28106
19633
26713
26604
20664
27800
26008
27222
29039
26658
27813
25971
23436
24358
26931
27853
19749
27880
27221
23514
19668
26027
25999
27693
17578
20175
26230
26981
16529
19196
26325
28573
24263
20653
27462
29853
24784
21503
19180
17815
25107
27578
19201
27761
20628
22892
24460
20795
17578
27327
26671
19793
26884
20901
25428
20701
21947
20512
26011
28789
27725
27695
21312
27734
25647
26558
26898
25983
27173
24910
25318
28120
23436
24542
16529
20175
26593
26956
28670
19594
27975
20841
27538
23968
26897
24460
19643
20721
19077
26146
20047
19320
25395
26358
21072
27339
19264
27158
21853
29197
19832
18279
16134
26408
27221
22434
27706
14081
18703
28199
14234
20241
27306
27769
25706
27832
13774
28919
27383
20849
26376
27324
26446
28884
25026
27561
28013
23840
26325
28573
24064
26526
19840
28831
20132
20175
20408
21144
20421
27418
28291
27303
26099
29667
16282
28876
23560
20081
28199
19286
27302
24204
26731
20601
25399
23079
26604
20568
26011
26635
27803
21601
28320
26743
12721
15824
27975
21705
23471
26218
16660
20133
27570
17828
27767
27536
28606
24211
27167
19940
28677
24617
27659
24263
20653
29868
20956
28727
25846
19471
26232
26358
21072
29091
27552
19639
28875
21311
20901
20831
26704
27222
27878
27949
26575
25283
27578
21853
23042
25530
20114
27570
25787
23436
22245
28137
25971
17083
26558
26898
26652
27324
25608
27829
28151
27917
17219
18935
22147
29667
13429
27395
26924
20960
25677
27693
23211
24725
26725
21855
27782
26207
25005
21520
29284
17321
27339
20608
28701
21561
20170
28106
19633
26713
26604
20664
27800
26008
27222
29039
26658
27813
25971
23436
24358
26931
27853
19749
27880
27221
23514
19668
26027
25999
27693
17578
20175
26230
26981
16529
19196
26325
28573
24263
20653
27462
29853
24784
21503
19180
17815
25107
27578
19201
27761
20628
22892
24460
20795
17578
27327
26671
19793
26884
20901
25428
20701
21947
20512
26011
28789
27725
27695
21312
27734
25647
26558
26898
25983
27173
24910
25318
28120
23436
24542
16529
20175
26593
26956
28670
19594
27975
20841
27538
23968
26897
24460
19643
20721
19077
26146
20047
19320
25395
26358
21072
27339
19264
27158
21853
29197
19832
18279
16134
26408
27221
22434
27706
14081
18703
28199
14234
20241
27306
27769
25706
27832
13774
28919
27383
20849
26376
27324
26446
28884
25026
27561
28013
23840
26325
28573
24064
26526
19840
28831
20132
20175
20408
21144
20421
27418
28291
27303
26099
29667
16282
28876
23560
20081
28199
19286
27302
24204
26731
20601
25399
23079
26604
20568
26011
26635
27803
21601
28320
26743
12721
15824
27975
21705
23471
26218
16660
20133
27570
17828
27767
27536
28606
24211
27167
19940
28677
24617
27659
24263
20653
29868
20956
28727
25846
19471
26232
26358
21072
29091
27552
19639
28875
21311
20901
20831
26704
27222
27878
27949
26575
25283
27578
21853
23042
25530
20114
27570
25787
23436
22245
28137
25971
17083
26558
26898
26652
27324
25608
27829
28151
27917
17219
18935
22147
29667
13429
27395
26924
20960
25677
27693
23211
24725
26725
21855
27782
26207
25005
21520
29284
17321
27339
20608
28701
21561
20170
28106
19633
26713
26604
20664
27800
22072
19639
28875
21311
20901
20831
26704
27222
27878
27949
26575
25283
27578
21853
23042
25530
20114
27570
25787
23436
22245
28137
25971
17083
26558
26898
26652
27324
25608
27829
28151
27917
17219
18935
22147
29667
13429
27395
26924
20960
25677
27693
23211
24725
26725
21855
27782
26207
25005
21520
29284
17321
27339
20608
28701
21561
20170
28106
19633
26713
26604
20664
27800
26008
27222
29039
26658
27813
25971
23436
24358
26931
27853
19749
27880
27221
23514
19668
26027
25999
27693
17578
20175
26230
26981
16529
19196
26325
28573
24263
20653
27462
29853
24784
21503
19180
17815
25107
27578
19201
27761
20628
22892
24460
20795
17578
27327
26671
19793
26884
20901
25428
20701
21947
20512
26011
28789
27725
27695
21312
27734
25647
26558
26898
25983
27173
24910
25318
28120
23436
24542
16529
20175
26593
26956
28670
19594
27975
20841
27538
23968
26897
24460
19643
20721
19077
26146
20047
19320
25395
26358
21072
27339
19264
27158
21853
29197
19832
18279
16134
26408
27221
22434
27706
14081
18703
28199
14234
20241
27306
27769
25706
27832
13774
28919
27383
20849
26376
27324
26446
28884
25026
27561
28013
23840
26325
28573
24064
26526
19840
28831
20132
20175
20408
21144
20421
27418
28291
27303
26099
29667
16282
28876
23560
20081
28199
19286
27302
24204
26731
20601
25399
23079
26604
20568
26011
26635
27803
21601
28320
26743
12721
15824
27975
21705
23471
26218
16660
20133
27570
17828
27767
27536
28606
24211
27167
19940
28677
24617
27659
24263
20653
29868
20956
28727
25846
19471
26232
26358
21072
29091
27552
19639
28875
21311
20901
20831
26704
27222
27878
27949
26575
25283
27578
21853
23042
25530
20114
27570
25787
23436
22245
28137
25971
17083
26558
26898
26652
27324
25608
27829
28151
27917
17219
18935
22147
29667
13429
27395
26924
20960
25677
27693
23211
24725
26725
21855
27782
26207
25005
21520
29284
17321
27339
20608
28701
21561
20170
28106
19633
26713
26604
20664
27800
26008
27222
29039
26658
27813
25971
23436
24358
26931
27853
19749
27880
27221
23514
19668
26027
25999
27693
17578
20175
26230
26981
16529
19196
26325
28573
24263
20653
27462
29853
24784
21503
19180
17815
25107
27578
19201
27761
20628
22892
24460
20795
17578
27327
26671
19793
26884
20901
25428
20701
21947
20512
26011
28789
27725
27695
21312
27734
25647
26558
26898
25983
27173
24910
25318
28120
23436
24542
16529
20175
26593
26956
28670
19594
27975
20841
27538
23968
26897
24460
19643
20721
19077
26146
20047
19320
25395
26358
21072
27339
19264
27158
21853
29197
19832
18279
16134
26408
27221
22434
27706
14081
18703
28199
14234
20241
27306
27769
25706
27832
13774
28919
27383
20849
26376
27324
26446
28884
25026
27561
28013
23840
26325
28573
24064
26526
19840
28831
20132
20175
20408
21144
20421
27418
28291
27303
26099
29667
16282
28876
23560
20081
28199
19286
27302
24204
26731
20601
25399
23079
26604
20568
26011
26635
27803
21601
28320
26743
12721
15824
27975
21705
23471
26218
16660
20133
27570
17828
27767
27536
28606
24211
27167
19940
28677
24617
27659
24263
20653
29868
20956
28727
25846
19471
26232
26358
21072
29091
27552
19639
28875
21311
20901
20831
26704
27222
27878
27949
26575
25283
27578
21853
23042
25530
20114
27570
25787
23436
22245
28137
25971
17083
26558
26898
26652
27324
25608
27829
28151
27917
17219
18935
22147
29667
13429
27395
26924
20960
25677
27693
23211
24725
26725
21855
27782
26207
25005
21520
29284
17321
27339
20608
28701
21561
20170
28106
19633
26713
26604
20664
27800
26008
27222
29039
26658
27813
25971
23436
24358
26931
27853
19749
27880
27221
23514
19668
26027
25999
27693
17578
20175
26230
26981
16529
19196
26325
28573
24263
20653
27462
29853
24784
21503
19180
17815
25107
27578
19201
27761
20628
22892
24460
20795
17578
27327
26671
19793
26884
20901
25428
20701
21947
20512
26011
28789
27725
27695
21312
27734
25647
26558
26898
25983
27173
24910
25318
28120
23436
24542
16529
20175
26593
26956
28670
19594
27975
20841
27538
23968
26897
24460
19643
20721
19077
26146
20047
19320
25395
26358
21072
27339
19264
27158
21853
29197
19832
18279
16134
26408
27221
22434
27706
14081
18703
28199
14234
20241
27306
27769
25706
27832
13774
28919
27383
20849
26376
27324
26446
28884
25026
27561
28013
23840
26325
28573
24064
26526
19840
28831
20132
20175
20408
21144
20421
27418
28291
27303
26099
29667
16282
28876
23560
20081
28199
19286
27302
24204
26731
20601
25399
23079
26604
20568
26011
26635
27803
21601
28320
26743
12721
15824
27975
21705
23471
26218
16660
20133
27570
17828
27767
27536
28606
24211
27167
19940
28677
24617
27659
24263
20653
29868
20956
28727
25846
19471
26232
26358
21072
29091
27552
16666
28831
20132
20175
20408
21144
20421
27418
28291
27303
26099
29667
16282
28876
23560
20081
28199
19286
27302
24204
26731
20601
25399
23079
26604
20568
26011
26635
27803
21601
28320
26743
12721
15824
27975
21705
23471
26218
16660
20133
27570
17828
27767
27536
28606
24211
27167
19940
28677
24617
27659
24263
20653
29868
20956
28727
25846
19471
26232
26358
21072
29091
27552
19639
28875
21311
20901
20831
26704
27222
27878
27949
26575
25283
27578
21853
23042
25530
20114
27570
25787
23436
22245
28137
25971
17083
26558
26898
26652
27324
25608
27829
28151
27917
17219
18935
22147
29667
13429
27395
26924
20960
25677
27693
23211
24725
26725
21855
27782
26207
25005
21520
29284
17321
27339
20608
28701
21561
20170
28106
19633
26713
26604
20664
27800
26008
27222
29039
26658
27813
25971
23436
24358
26931
27853
19749
27880
27221
23514
19668
26027
25999
27693
17578
20175
26230
26981
16529
19196
26325
28573
24263
20653
27462
29853
24784
21503
19180
17815
25107
27578
19201
27761
20628
22892
24460
20795
17578
27327
26671
19793
26884
20901
25428
20701
21947
20512
26011
28789
27725
27695
21312
27734
25647
26558
26898
25983
27173
24910
25318
28120
23436
24542
16529
20175
26593
26956
28670
19594
27975
20841
27538
23968
26897
24460
19643
20721
19077
26146
20047
19320
25395
26358
21072
27339
19264
27158
21853
29197
19832
18279
16134
26408
27221
22434
27706
14081
18703
28199
14234
20241
27306
27769
25706
27832
13774
28919
27383
20849
26376
27324
26446
28884
25026
27561
28013
23840
26325
28573
24064
26526
19840
28831
20132
20175
20408
21144
20421
27418
28291
27303
26099
29667
16282
28876
23560
20081
28199
19286
27302
24204
26731
20601
25399
23079
26604
20568
26011
26635
27803
21601
28320
26743
12721
15824
27975
21705
23471
26218
16660
20133
27570
17828
27767
27536
28606
24211
27167
19940
28677
24617
27659
24263
20653
29868
20956
28727
25846
19471
26232
26358
21072
29091
27552
19639
28875
21311
20901
20831
26704
27222
27878
27949
26575
25283
27578
21853
23042
25530
20114
27570
25787
23436
22245
28137
25971
17083
26558
26898
26652
27324
25608
27829
28151
27917
17219
18935
22147
29667
13429
27395
26924
20960
25677
27693
23211
24725
26725
21855
27782
26207
25005
21520
29284
17321
27339
20608
28701
21561
20170
28106
19633
26713
26604
20664
27800
26008
27222
29039
26658
27813
25971
23436
24358
26931
27853
19749
27880
27221
23514
19668
26027
25999
27693
17578
20175
26230
26981
16529
19196
26325
28573
24263
20653
27462
29853
24784
21503
19180
17815
25107
27578
19201
27761
20628
22892
24460
20795
17578
27327
26671
19793
26884
20901
25428
20701
21947
20512
26011
28789
27725
27695
21312
27734
25647
26558
26898
25983
27173
24910
25318
28120
23436
24542
16529
20175
26593
26956
28670
19594
27975
20841
27538
23968
26897
24460
19643
20721
19077
26146
20047
19320
25395
26358
21072
27339
19264
27158
21853
29197
19832
18279
16134
26408
27221
22434
27706
14081
18703
28199
14234
20241
27306
27769
25706
27832
13774
28919
27383
20849
26376
27324
26446
28884
25026
27561
28013
23840
26325
28573
24064
26526
19840
28831
20132
20175
20408
21144
20421
27418
28291
27303
26099
29667
16282
28876
23560
20081
28199
19286
27302
24204
26731
20601
25399
23079
26604
20568
26011
26635
27803
21601
28320
26743
12721
15824
27975
21705
23471
26218
16660
20133
27570
17828
27767
27536
28606
24211
27167
19940
28677
24617
27659
24263
20653
29868
20956
28727
25846
19471
26232
26358
21072
29091
27552
19639
28875
21311
20901
20831
26704
27222
27878
27949
26575
25283
27578
21853
23042
25530
20114
27570
25787
23436
22245
28137
25971
17083
26558
26898
26652
27324
25608
27829
28151
27917
17219
18935
22147
29667
13429
27395
26924
20960
25677
27693
23211
24725
26725
21855
27782
26207
25005
21520
29284
17321
27339
20608
28701
21561
20170
28106
19633
26713
26604
20664
27800
26008
27222
29039
26658
27813
25971
23436
24358
26931
27853
19749
27880
27221
23514
19668
26027
25999
27693
17578
20175
26230
26981
16529
19196
26325
28573
24263
20653
27462
29853
24784
21503
19180
17815
25107
27578
19201
27761
20628
22892
24460
20795
17578
27327
26671
19793
26884
20901
25428
20701
21947
20512
26011
28789
27725
27695
21312
27734
25647
26558
26898
25983
27173
24910
25318
28120
23436
24542
16529
20175
26593
26956
28670
19594
27975
20841
27538
23968
26897
24460
19643
20721
19077
26146
20047
19320
25395
26358
21072
27339
19264
27158
21853
29197
19832
18279
16134
26408
27221
22434
27706
14081
18703
28199
14234
20241
27306
27769
25706
27832
13774
28919
27383
20849
26376
27324
26446
28884
25026
27561
28013
23840
26325
28573
24064
26526
24381
25318
28120
23436
24542
16529
20175
26593
26956
28670
19594
27975
20841
27538
23968
26897
24460
19643
20721
19077
26146
20047
19320
25395
26358
21072
27339
19264
27158
21853
29197
19832
18279
16134
26408
27221
22434
27706
14081
18703
28199
14234
20241
27306
27769
25706
27832
13774
28919
27383
20849
26376
27324
26446
28884
25026
27561
28013
23840
26325
28573
24064
26526
19840
28831
20132
20175
20408
21144
20421
27418
28291
27303
26099
29667
16282
28876
23560
20081
28199
19286
27302
24204
26731
20601
25399
23079
26604
20568
26011
26635
27803
21601
28320
26743
12721
15824
27975
21705
23471
26218
16660
20133
27570
17828
27767
27536
28606
24211
27167
19940
28677
24617
27659
24263
20653
29868
20956
28727
25846
19471
26232
26358
21072
29091
27552
19639
28875
21311
20901
20831
26704
27222
27878
27949
26575
25283
27578
21853
23042
25530
20114
27570
25787
23436
22245
28137
25971
17083
26558
26898
26652
27324
25608
27829
28151
27917
17219
18935
22147
29667
13429
27395
26924
20960
25677
27693
23211
24725
26725
21855
27782
26207
25005
21520
29284
17321
27339
20608
28701
21561
20170
28106
19633
26713
26604
20664
27800
26008
27222
29039
26658
27813
25971
23436
24358
26931
27853
19749
27880
27221
23514
19668
26027
25999
27693
17578
20175
26230
26981
16529
19196
26325
28573
24263
20653
27462
29853
24784
21503
19180
17815
25107
27578
19201
27761
20628
22892
24460
20795
17578
27327
26671
19793
26884
20901
25428
20701
21947
20512
26011
28789
27725
27695
21312
27734
25647
26558
26898
25983
27173
24910
25318
28120
23436
24542
16529
20175
26593
26956
28670
19594
27975
20841
27538
23968
26897
24460
19643
20721
19077
26146
20047
19320
25395
26358
21072
27339
19264
27158
21853
29197
19832
18279
16134
26408
27221
22434
27706
14081
18703
28199
14234
20241
27306
27769
25706
27832
13774
28919
27383
20849
26376
27324
26446
28884
25026
27561
28013
23840
26325
28573
24064
26526
19840
28831
20132
20175
20408
21144
20421
27418
28291
27303
26099
29667
16282
28876
23560
20081
28199
19286
27302
24204
26731
20601
25399
23079
26604
20568
26011
26635
27803
21601
28320
26743
12721
15824
27975
21705
23471
26218
16660
20133
27570
17828
27767
27536
28606
24211
27167
19940
28677
24617
27659
24263
20653
29868
20956
28727
25846
19471
26232
26358
21072
29091
27552
19639
28875
21311
20901
20831
26704
27222
27878
27949
26575
25283
27578
21853
23042
25530
20114
27570
25787
23436
22245
28137
25971
17083
26558
26898
26652
27324
25608
27829
28151
27917
17219
18935
22147
29667
13429
27395
26924
20960
25677
27693
23211
24725
26725
21855
27782
26207
25005
21520
29284
17321
27339
20608
28701
21561
20170
28106
19633
26713
26604
20664
27800
26008
27222
29039
26658
27813
25971
23436
24358
26931
27853
19749
27880
27221
23514
19668
26027
25999
27693
17578
20175
26230
26981
16529
19196
26325
28573
24263
20653
27462
29853
24784
21503
19180
17815
25107
27578
19201
27761
20628
22892
24460
20795
17578
27327
26671
19793
26884
20901
25428
20701
21947
20512
26011
28789
27725
27695
21312
27734
25647
26558
26898
25983
27173
24910
25318
28120
23436
24542
16529
20175
26593
26956
28670
19594
27975
20841
27538
23968
26897
24460
19643
20721
19077
26146
20047
19320
25395
26358
21072
27339
19264
27158
21853
29197
19832
18279
16134
26408
27221
22434
27706
14081
18703
28199
14234
20241
27306
27769
25706
27832
13774
28919
27383
20849
26376
27324
26446
28884
25026
27561
28013
23840
26325
28573
24064
26526
19840
28831
20132
20175
20408
21144
20421
27418
28291
27303
26099
29667
16282
28876
23560
20081
28199
19286
27302
24204
26731
20601
25399
23079
26604
20568
26011
26635
27803
21601
28320
26743
12721
15824
27975
21705
23471
26218
16660
20133
27570
17828
27767
27536
28606
24211
27167
19940
28677
24617
27659
24263
20653
29868
20956
28727
25846
19471
26232
26358
21072
29091
27552
19639
28875
21311
20901
20831
26704
27222
27878
27949
26575
25283
27578
21853
23042
25530
20114
27570
25787
23436
22245
28137
25971
17083
26558
26898
26652
27324
25608
27829
28151
27917
17219
18935
22147
29667
13429
27395
26924
20960
25677
27693
23211
24725
26725
21855
27782
26207
25005
21520
29284
17321
27339
20608
28701
21561
20170
28106
19633
26713
26604
20664
27800
26008
27222
29039
26658
27813
25971
23436
24358
26931
27853
19749
27880
27221
23514
19668
26027
25999
27693
17578
20175
26230
26981
16529
19196
26325
28573
24263
20653
27462
29853
24784
21503
19180
17815
25107
27578
19201
27761
20628
22892
24460
20795
17578
27327
26671
19793
26884
20901
25428
20701
21947
20512
26011
28789
27725
27695
21312
27734
25647
26558
26898
25983
27173
11059