
27404
37205
29144
28697
28684
28690
29181
35217
35765
34904
32875
36141
24065
31953
33039
28493
36293
27799
31992
29397
35414
27982
24371
34193
34751
28708
34890
32864
35876
30170
36821
25147
21214
24855
37167
22068
34627
34219
22906
27700
35517
25055
32825
34606
30207
35282
34512
26777
29834
37501
25729
35219
29431
37396
30484
29221
36635
27531
34310
34015
29710
36495
33577
29181
37428
28641
29748
27982
31992
32554
35268
36584
27631
36127
36183
28434
28701
33926
28043
35517
24846
28311
33460
35311
24969
27755
33975
36064
32139
28132
35949
37629
33204
29353
27779
22647
30163
36141
22245
35972
28571
28888
32408
29411
24846
35948
34966
29269
35555
28735
34144
29650
30305
29085
34334
30747
36510
29704
29392
36589
27670
34193
34751
28067
35825
33661
33474
36472
31992
33134
24969
28311
35249
35269
36534
27349
36725
28395
34583
27177
34376
32408
28307
29620
26949
33537
28648
27297
27473
34248
29583
35219
28143
36037
30836
37518
28707
20653
21935
34559
36183
24297
35420
22158
26743
35726
22263
29160
35216
34995
27825
35725
21773
37272
29404
30281
28414
34890
34798
36416
33758
29521
35264
31008
33975
36064
32028
34468
26613
37395
29133
28311
29427
29045
28237
35000
35737
35654
28099
37167
24801
37607
29511
27901
35726
27103
29327
26287
34752
28439
27437
30439
34015
29618
34334
28681
35062
31041
36417
28785
20181
22000
36725
29223
31379
35087
20179
27961
36293
21132
29772
35231
36621
31443
34878
23156
37242
32721
29698
32139
28132
38969
29391
36604
34222
28350
34597
34248
29583
36258
34923
27404
37205
29144
28697
28684
28690
29181
35217
35765
34904
32875
36141
24065
31953
33039
28493
36293
27799
31992
29397
35414
27982
24371
34193
34751
28708
34890
32864
35876
30170
36821
25147
21214
24855
37167
22068
34627
34219
22906
27700
35517
25055
32825
34606
30207
35282
34512
26777
29834
37501
25729
35219
29431
37396
30484
29221
36635
27531
34310
34015
29710
36495
33577
29181
37428
28641
29748
27982
31992
32554
35268
36584
27631
36127
36183
28434
28701
33926
28043
35517
24846
28311
33460
35311
24969
27755
33975
36064
32139
28132
35949
37629
33204
29353
27779
22647
30163
36141
22245
35972
28571
28888
32408
29411
24846
35948
34966
29269
35555
28735
34144
29650
30305
29085
34334
30747
36510
29704
29392
36589
27670
34193
34751
28067
35825
33661
33474
36472
31992
33134
24969
28311
35249
35269
36534
27349
36725
28395
34583
27177
34376
32408
28307
29620
26949
33537
28648
27297
27473
34248
29583
35219
28143
36037
30836
37518
28707
20653
21935
34559
36183
24297
35420
22158
26743
35726
22263
29160
35216
34995
27825
35725
21773
37272
29404
30281
28414
34890
34798
36416
33758
29521
35264
31008
33975
36064
32028
34468
26613
37395
29133
28311
29427
29045
28237
35000
35737
35654
28099
37167
24801
37607
29511
27901
35726
27103
29327
26287
34752
28439
27437
30439
34015
29618
34334
28681
35062
31041
36417
28785
20181
22000
36725
29223
31379
35087
20179
27961
36293
21132
29772
35231
36621
31443
34878
23156
37242
32721
29698
32139
28132
38969
29391
36604
34222
28350
34597
34248
29583
36258
34923
27404
37205
29144
28697
28684
28690
29181
35217
35765
34904
32875
36141
24065
31953
33039
28493
36293
27799
31992
29397
35414
27982
24371
34193
34751
28708
34890
32864
35876
30170
36821
25147
21214
24855
37167
22068
34627
34219
22906
27700
35517
25055
32825
34606
30207
35282
34512
26777
29834
37501
25729
35219
29431
37396
30484
29221
36635
27531
34310
34015
29710
36495
33577
29181
37428
28641
29748
27982
31992
32554
35268
36584
27631
36127
36183
28434
28701
33926
28043
35517
24846
28311
33460
35311
24969
27755
33975
36064
32139
28132
35949
37629
33204
29353
27779
22647
30163
36141
22245
35972
28571
28888
32408
29411
24846
35948
34966
29269
35555
28735
34144
29650
30305
29085
34334
30747
36510
29704
29392
36589
27670
34193
34751
28067
35825
33661
33474
36472
31992
33134
24969
28311
35249
35269
36534
27349
36725
28395
34583
27177
34376
32408
28307
29620
26949
33537
28648
27297
27473
34248
29583
35219
28143
36037
30836
37518
28707
20653
21935
34559
36183
24297
35420
22158
26743
35726
22263
29160
35216
34995
27825
35725
21773
37272
29404
30281
28414
34890
34798
36416
33758
29521
35264
31008
33975
36064
32028
34468
26613
37395
29133
28311
29427
29045
28237
35000
35737
35654
28099
37167
24801
37607
29511
27901
35726
27103
29327
26287
34752
28439
27437
30439
34015
29618
34334
28681
35062
31041
36417
28785
20181
22000
36725
29223
31379
35087
20179
27961
36293
21132
29772
35231
36621
31443
34878
23156
37242
32721
29698
32139
28132
38969
29391
36604
34222
28350
34597
34248
29583
36258
34923
23232
37395
29133
28311
29427
29045
28237
35000
35737
35654
28099
37167
24801
37607
29511
27901
35726
27103
29327
26287
34752
28439
27437
30439
34015
29618
34334
28681
35062
31041
36417
28785
20181
22000
36725
29223
31379
35087
20179
27961
36293
21132
29772
35231
36621
31443
34878
23156
37242
32721
29698
32139
28132
38969
29391
36604
34222
28350
34597
34248
29583
36258
34923
27404
37205
29144
28697
28684
28690
29181
35217
35765
34904
32875
36141
24065
31953
33039
28493
36293
27799
31992
29397
35414
27982
24371
34193
34751
28708
34890
32864
35876
30170
36821
25147
21214
24855
37167
22068
34627
34219
22906
27700
35517
25055
32825
34606
30207
35282
34512
26777
29834
37501
25729
35219
29431
37396
30484
29221
36635
27531
34310
34015
29710
36495
33577
29181
37428
28641
29748
27982
31992
32554
35268
36584
27631
36127
36183
28434
28701
33926
28043
35517
24846
28311
33460
35311
24969
27755
33975
36064
32139
28132
35949
37629
33204
29353
27779
22647
30163
36141
22245
35972
28571
28888
32408
29411
24846
35948
34966
29269
35555
28735
34144
29650
30305
29085
34334
30747
36510
29704
29392
36589
27670
34193
34751
28067
35825
33661
33474
36472
31992
33134
24969
28311
35249
35269
36534
27349
36725
28395
34583
27177
34376
32408
28307
29620
26949
33537
28648
27297
27473
34248
29583
35219
28143
36037
30836
37518
28707
20653
21935
34559
36183
24297
35420
22158
26743
35726
22263
29160
35216
34995
27825
35725
21773
37272
29404
30281
28414
34890
34798
36416
33758
29521
35264
31008
33975
36064
32028
34468
26613
37395
29133
28311
29427
29045
28237
35000
35737
35654
28099
37167
24801
37607
29511
27901
35726
27103
29327
26287
34752
28439
27437
30439
34015
29618
34334
28681
35062
31041
36417
28785
20181
22000
36725
29223
31379
35087
20179
27961
36293
21132
29772
35231
36621
31443
34878
23156
37242
32721
29698
32139
28132
38969
29391
36604
34222
28350
34597
34248
29583
36258
34923
27404
37205
29144
28697
28684
28690
29181
35217
35765
34904
32875
36141
24065
31953
33039
28493
36293
27799
31992
29397
35414
27982
24371
34193
34751
28708
34890
32864
35876
30170
36821
25147
21214
24855
37167
22068
34627
34219
22906
27700
35517
25055
32825
34606
30207
35282
34512
26777
29834
37501
25729
35219
29431
37396
30484
29221
36635
27531
34310
34015
29710
36495
33577
29181
37428
28641
29748
27982
31992
32554
35268
36584
27631
36127
36183
28434
28701
33926
28043
35517
24846
28311
33460
35311
24969
27755
33975
36064
32139
28132
35949
37629
33204
29353
27779
22647
30163
36141
22245
35972
28571
28888
32408
29411
24846
35948
34966
29269
35555
28735
34144
29650
30305
29085
34334
30747
36510
29704
29392
36589
27670
34193
34751
28067
35825
33661
33474
36472
31992
33134
24969
28311
35249
35269
36534
27349
36725
28395
34583
27177
34376
32408
28307
29620
26949
33537
28648
27297
27473
34248
29583
35219
28143
36037
30836
37518
28707
20653
21935
34559
36183
24297
35420
22158
26743
35726
22263
29160
35216
34995
27825
35725
21773
37272
29404
30281
28414
34890
34798
36416
33758
29521
35264
31008
33975
36064
32028
34468
26613
37395
29133
28311
29427
29045
28237
35000
35737
35654
28099
37167
24801
37607
29511
27901
35726
27103
29327
26287
34752
28439
27437
30439
34015
29618
34334
28681
35062
31041
36417
28785
20181
22000
36725
29223
31379
35087
20179
27961
36293
21132
29772
35231
36621
31443
34878
23156
37242
32721
29698
32139
28132
38969
29391
36604
34222
28350
34597
34248
29583
36258
34923
27404
37205
29144
28697
28684
28690
29181
35217
35765
34904
32875
36141
24065
31953
33039
28493
36293
27799
31992
29397
35414
27982
24371
34193
34751
28708
34890
32864
35876
30170
36821
25147
21214
24855
37167
22068
34627
34219
22906
27700
35517
25055
32825
34606
30207
35282
34512
26777
29834
37501
25729
35219
29431
37396
30484
29221
36635
27531
34310
34015
29710
36495
33577
29181
37428
28641
29748
27982
31992
32554
35268
36584
27631
36127
36183
28434
28701
33926
28043
35517
24846
28311
33460
35311
24969
27755
33975
36064
32139
28132
35949
37629
33204
29353
27779
22647
30163
36141
22245
35972
28571
28888
32408
29411
24846
35948
34966
29269
35555
28735
34144
29650
30305
29085
34334
30747
36510
29704
29392
36589
27670
34193
34751
28067
35825
33661
33474
36472
31992
33134
24969
28311
35249
35269
36534
27349
36725
28395
34583
27177
34376
32408
28307
29620
26949
33537
28648
27297
27473
34248
29583
35219
28143
36037
30836
37518
28707
20653
21935
34559
36183
24297
35420
22158
26743
35726
22263
29160
35216
34995
27825
35725
21773
37272
29404
30281
28414
34890
34798
36416
33758
29521
35264
31008
33975
36064
32028
34468
27654
33474
36472
31992
33134
24969
28311
35249
35269
36534
27349
36725
28395
34583
27177
34376
32408
28307
29620
26949
33537
28648
27297
27473
34248
29583
35219
28143
36037
30836
37518
28707
20653
21935
34559
36183
24297
35420
22158
26743
35726
22263
29160
35216
34995
27825
35725
21773
37272
29404
30281
28414
34890
34798
36416
33758
29521
35264
31008
33975
36064
32028
34468
26613
37395
29133
28311
29427
29045
28237
35000
35737
35654
28099
37167
24801
37607
29511
27901
35726
27103
29327
26287
34752
28439
27437
30439
34015
29618
34334
28681
35062
31041
36417
28785
20181
22000
36725
29223
31379
35087
20179
27961
36293
21132
29772
35231
36621
31443
34878
23156
37242
32721
29698
32139
28132
38969
29391
36604
34222
28350
34597
34248
29583
36258
34923
27404
37205
29144
28697
28684
28690
29181
35217
35765
34904
32875
36141
24065
31953
33039
28493
36293
27799
31992
29397
35414
27982
24371
34193
34751
28708
34890
32864
35876
30170
36821
25147
21214
24855
37167
22068
34627
34219
22906
27700
35517
25055
32825
34606
30207
35282
34512
26777
29834
37501
25729
35219
29431
37396
30484
29221
36635
27531
34310
34015
29710
36495
33577
29181
37428
28641
29748
27982
31992
32554
35268
36584
27631
36127
36183
28434
28701
33926
28043
35517
24846
28311
33460
35311
24969
27755
33975
36064
32139
28132
35949
37629
33204
29353
27779
22647
30163
36141
22245
35972
28571
28888
32408
29411
24846
35948
34966
29269
35555
28735
34144
29650
30305
29085
34334
30747
36510
29704
29392
36589
27670
34193
34751
28067
35825
33661
33474
36472
31992
33134
24969
28311
35249
35269
36534
27349
36725
28395
34583
27177
34376
32408
28307
29620
26949
33537
28648
27297
27473
34248
29583
35219
28143
36037
30836
37518
28707
20653
21935
34559
36183
24297
35420
22158
26743
35726
22263
29160
35216
34995
27825
35725
21773
37272
29404
30281
28414
34890
34798
36416
33758
29521
35264
31008
33975
36064
32028
34468
26613
37395
29133
28311
29427
29045
28237
35000
35737
35654
28099
37167
24801
37607
29511
27901
35726
27103
29327
26287
34752
28439
27437
30439
34015
29618
34334
28681
35062
31041
36417
28785
20181
22000
36725
29223
31379
35087
20179
27961
36293
21132
29772
35231
36621
31443
34878
23156
37242
32721
29698
32139
28132
38969
29391
36604
34222
28350
34597
34248
29583
36258
34923
27404
37205
29144
28697
28684
28690
29181
35217
35765
34904
32875
36141
24065
31953
33039
28493
36293
27799
31992
29397
35414
27982
24371
34193
34751
28708
34890
32864
35876
30170
36821
25147
21214
24855
37167
22068
34627
34219
22906
27700
35517
25055
32825
34606
30207
35282
34512
26777
29834
37501
25729
35219
29431
37396
30484
29221
36635
27531
34310
34015
29710
36495
33577
29181
37428
28641
29748
27982
31992
32554
35268
36584
27631
36127
36183
28434
28701
33926
28043
35517
24846
28311
33460
35311
24969
27755
33975
36064
32139
28132
35949
37629
33204
29353
27779
22647
30163
36141
22245
35972
28571
28888
32408
29411
24846
35948
34966
29269
35555
28735
34144
29650
30305
29085
34334
30747
36510
29704
29392
36589
27670
34193
34751
28067
35825
33661
33474
36472
31992
33134
24969
28311
35249
35269
36534
27349
36725
28395
34583
27177
34376
32408
28307
29620
26949
33537
28648
27297
27473
34248
29583
35219
28143
36037
30836
37518
28707
20653
21935
34559
36183
24297
35420
22158
26743
35726
22263
29160
35216
34995
27825
35725
21773
37272
29404
30281
28414
34890
34798
36416
33758
29521
35264
31008
33975
36064
32028
34468
26613
37395
29133
28311
29427
29045
28237
35000
35737
35654
28099
37167
24801
37607
29511
27901
35726
27103
29327
26287
34752
28439
27437
30439
34015
29618
34334
28681
35062
31041
36417
28785
20181
22000
36725
29223
31379
35087
20179
27961
36293
21132
29772
35231
36621
31443
34878
23156
37242
32721
29698
32139
28132
38969
29391
36604
34222
28350
34597
34248
29583
36258
34923
27404
37205
29144
28697
28684
28690
29181
35217
35765
34904
32875
36141
24065
31953
33039
28493
36293
27799
31992
29397
35414
27982
24371
34193
34751
28708
34890
32864
35876
30170
36821
25147
21214
24855
37167
22068
34627
34219
22906
27700
35517
25055
32825
34606
30207
35282
34512
26777
29834
37501
25729
35219
29431
37396
30484
29221
36635
27531
34310
34015
29710
36495
33577
29181
37428
28641
29748
27982
31992
32554
35268
36584
27631
36127
36183
28434
28701
33926
28043
35517
24846
28311
33460
35311
24969
27755
33975
36064
32139
28132
35949
37629
33204
29353
27779
22647
30163
36141
22245
35972
28571
28888
32408
29411
24846
35948
34966
29269
35555
28735
34144
29650
30305
29085
34334
30747
36510
29704
29392
36589
27670
34193
34751
28067
35825
28478
29181
37428
28641
29748
27982
31992
32554
35268
36584
27631
36127
36183
28434
28701
33926
28043
35517
24846
28311
33460
35311
24969
27755
33975
36064
32139
28132
35949
37629
33204
29353
27779
22647
30163
36141
22245
35972
28571
28888
32408
29411
24846
35948
34966
29269
35555
28735
34144
29650
30305
29085
34334
30747
36510
29704
29392
36589
27670
34193
34751
28067
35825
33661
33474
36472
31992
33134
24969
28311
35249
35269
36534
27349
36725
28395
34583
27177
34376
32408
28307
29620
26949
33537
28648
27297
27473
34248
29583
35219
28143
36037
30836
37518
28707
20653
21935
34559
36183
24297
35420
22158
26743
35726
22263
29160
35216
34995
27825
35725
21773
37272
29404
30281
28414
34890
34798
36416
33758
29521
35264
31008
33975
36064
32028
34468
26613
37395
29133
28311
29427
29045
28237
35000
35737
35654
28099
37167
24801
37607
29511
27901
35726
27103
29327
26287
34752
28439
27437
30439
34015
29618
34334
28681
35062
31041
36417
28785
20181
22000
36725
29223
31379
35087
20179
27961
36293
21132
29772
35231
36621
31443
34878
23156
37242
32721
29698
32139
28132
38969
29391
36604
34222
28350
34597
34248
29583
36258
34923
27404
37205
29144
28697
28684
28690
29181
35217
35765
34904
32875
36141
24065
31953
33039
28493
36293
27799
31992
29397
35414
27982
24371
34193
34751
28708
34890
32864
35876
30170
36821
25147
21214
24855
37167
22068
34627
34219
22906
27700
35517
25055
32825
34606
30207
35282
34512
26777
29834
37501
25729
35219
29431
37396
30484
29221
36635
27531
34310
34015
29710
36495
33577
29181
37428
28641
29748
27982
31992
32554
35268
36584
27631
36127
36183
28434
28701
33926
28043
35517
24846
28311
33460
35311
24969
27755
33975
36064
32139
28132
35949
37629
33204
29353
27779
22647
30163
36141
22245
35972
28571
28888
32408
29411
24846
35948
34966
29269
35555
28735
34144
29650
30305
29085
34334
30747
36510
29704
29392
36589
27670
34193
34751
28067
35825
33661
33474
36472
31992
33134
24969
28311
35249
35269
36534
27349
36725
28395
34583
27177
34376
32408
28307
29620
26949
33537
28648
27297
27473
34248
29583
35219
28143
36037
30836
37518
28707
20653
21935
34559
36183
24297
35420
22158
26743
35726
22263
29160
35216
34995
27825
35725
21773
37272
29404
30281
28414
34890
34798
36416
33758
29521
35264
31008
33975
36064
32028
34468
26613
37395
29133
28311
29427
29045
28237
35000
35737
35654
28099
37167
24801
37607
29511
27901
35726
27103
29327
26287
34752
28439
27437
30439
34015
29618
34334
28681
35062
31041
36417
28785
20181
22000
36725
29223
31379
35087
20179
27961
36293
21132
29772
35231
36621
31443
34878
23156
37242
32721
29698
32139
28132
38969
29391
36604
34222
28350
34597
34248
29583
36258
34923
27404
37205
29144
28697
28684
28690
29181
35217
35765
34904
32875
36141
24065
31953
33039
28493
36293
27799
31992
29397
35414
27982
24371
34193
34751
28708
34890
32864
35876
30170
36821
25147
21214
24855
37167
22068
34627
34219
22906
27700
35517
25055
32825
34606
30207
35282
34512
26777
29834
37501
25729
35219
29431
37396
30484
29221
36635
27531
34310
34015
29710
36495
33577
29181
37428
28641
29748
27982
31992
32554
35268
36584
27631
36127
36183
28434
28701
33926
28043
35517
24846
28311
33460
35311
24969
27755
33975
36064
32139
28132
35949
37629
33204
29353
27779
22647
30163
36141
22245
35972
28571
28888
32408
29411
24846
35948
34966
29269
35555
28735
34144
29650
30305
29085
34334
30747
36510
29704
29392
36589
27670
34193
34751
28067
35825
33661
33474
36472
31992
33134
24969
28311
35249
35269
36534
27349
36725
28395
34583
27177
34376
32408
28307
29620
26949
33537
28648
27297
27473
34248
29583
35219
28143
36037
30836
37518
28707
20653
21935
34559
36183
24297
35420
22158
26743
35726
22263
29160
35216
34995
27825
35725
21773
37272
29404
30281
28414
34890
34798
36416
33758
29521
35264
31008
33975
36064
32028
34468
26613
37395
29133
28311
29427
29045
28237
35000
35737
35654
28099
37167
24801
37607
29511
27901
35726
27103
29327
26287
34752
28439
27437
30439
34015
29618
34334
28681
35062
31041
36417
28785
20181
22000
36725
29223
31379
35087
20179
27961
36293
21132
29772
35231
36621
31443
34878
23156
37242
32721
29698
32139
28132
38969
29391
36604
34222
28350
34597
34248
29583
36258
34923
27404
37205
29144
28697
28684
28690
29181
35217
35765
34904
32875
36141
24065
31953
33039
28493
36293
27799
31992
29397
35414
27982
24371
34193
34751
28708
34890
32864
35876
30170
36821
25147
21214
24855
37167
22068
34627
34219
22906
27700
35517
25055
32825
34606
30207
35282
34512
26777
29834
37501
25729
35219
29431
37396
30484
29221
36635
27531
34310
34015
29710
36495
29805
27404
37205
29144
28697
28684
28690
29181
35217
35765
34904
32875
36141
24065
31953
33039
28493
36293
27799
31992
29397
35414
27982
24371
34193
34751
28708
34890
32864
35876
30170
36821
25147
21214
24855
37167
22068
34627
34219
22906
27700
35517
25055
32825
34606
30207
35282
34512
26777
29834
37501
25729
35219
29431
37396
30484
29221
36635
27531
34310
34015
29710
36495
33577
29181
37428
28641
29748
27982
31992
32554
35268
36584
27631
36127
36183
28434
28701
33926
28043
35517
24846
28311
33460
35311
24969
27755
33975
36064
32139
28132
35949
37629
33204
29353
27779
22647
30163
36141
22245
35972
28571
28888
32408
29411
24846
35948
34966
29269
35555
28735
34144
29650
30305
29085
34334
30747
36510
29704
29392
36589
27670
34193
34751
28067
35825
33661
33474
36472
31992
33134
24969
28311
35249
35269
36534
27349
36725
28395
34583
27177
34376
32408
28307
29620
26949
33537
28648
27297
27473
34248
29583
35219
28143
36037
30836
37518
28707
20653
21935
34559
36183
24297
35420
22158
26743
35726
22263
29160
35216
34995
27825
35725
21773
37272
29404
30281
28414
34890
34798
36416
33758
29521
35264
31008
33975
36064
32028
34468
26613
37395
29133
28311
29427
29045
28237
35000
35737
35654
28099
37167
24801
37607
29511
27901
35726
27103
29327
26287
34752
28439
27437
30439
34015
29618
34334
28681
35062
31041
36417
28785
20181
22000
36725
29223
31379
35087
20179
27961
36293
21132
29772
35231
36621
31443
34878
23156
37242
32721
29698
32139
28132
38969
29391
36604
34222
28350
34597
34248
29583
36258
34923
27404
37205
29144
28697
28684
28690
29181
35217
35765
34904
32875
36141
24065
31953
33039
28493
36293
27799
31992
29397
35414
27982
24371
34193
34751
28708
34890
32864
35876
30170
36821
25147
21214
24855
37167
22068
34627
34219
22906
27700
35517
25055
32825
34606
30207
35282
34512
26777
29834
37501
25729
35219
29431
37396
30484
29221
36635
27531
34310
34015
29710
36495
33577
29181
37428
28641
29748
27982
31992
32554
35268
36584
27631
36127
36183
28434
28701
33926
28043
35517
24846
28311
33460
35311
24969
27755
33975
36064
32139
28132
35949
37629
33204
29353
27779
22647
30163
36141
22245
35972
28571
28888
32408
29411
24846
35948
34966
29269
35555
28735
34144
29650
30305
29085
34334
30747
36510
29704
29392
36589
27670
34193
34751
28067
35825
33661
33474
36472
31992
33134
24969
28311
35249
35269
36534
27349
36725
28395
34583
27177
34376
32408
28307
29620
26949
33537
28648
27297
27473
34248
29583
35219
28143
36037
30836
37518
28707
20653
21935
34559
36183
24297
35420
22158
26743
35726
22263
29160
35216
34995
27825
35725
21773
37272
29404
30281
28414
34890
34798
36416
33758
29521
35264
31008
33975
36064
32028
34468
26613
37395
29133
28311
29427
29045
28237
35000
35737
35654
28099
37167
24801
37607
29511
27901
35726
27103
29327
26287
34752
28439
27437
30439
34015
29618
34334
28681
35062
31041
36417
28785
20181
22000
36725
29223
31379
35087
20179
27961
36293
21132
29772
35231
36621
31443
34878
23156
37242
32721
29698
32139
28132
38969
29391
36604
34222
28350
34597
34248
29583
36258
34923
27404
37205
29144
28697
28684
28690
29181
35217
35765
34904
32875
36141
24065
31953
33039
28493
36293
27799
31992
29397
35414
27982
24371
34193
34751
28708
34890
32864
35876
30170
36821
25147
21214
24855
37167
22068
34627
34219
22906
27700
35517
25055
32825
34606
30207
35282
34512
26777
29834
37501
25729
35219
29431
37396
30484
29221
36635
27531
34310
34015
29710
36495
33577
29181
37428
28641
29748
27982
31992
32554
35268
36584
27631
36127
36183
28434
28701
33926
28043
35517
24846
28311
33460
35311
24969
27755
33975
36064
32139
28132
35949
37629
33204
29353
27779
22647
30163
36141
22245
35972
28571
28888
32408
29411
24846
35948
34966
29269
35555
28735
34144
29650
30305
29085
34334
30747
36510
29704
29392
36589
27670
34193
34751
28067
35825
33661
33474
36472
31992
33134
24969
28311
35249
35269
36534
27349
36725
28395
34583
27177
34376
32408
28307
29620
26949
33537
28648
27297
27473
34248
29583
35219
28143
36037
30836
37518
28707
20653
21935
34559
36183
24297
35420
22158
26743
35726
22263
29160
35216
34995
27825
35725
21773
37272
29404
30281
28414
34890
34798
36416
33758
29521
35264
31008
33975
36064
32028
34468
26613
37395
29133
28311
29427
29045
28237
35000
35737
35654
28099
37167
24801
37607
29511
27901
35726
27103
29327
26287
34752
28439
27437
30439
34015
29618
34334
28681
35062
31041
36417
28785
20181
22000
36725
29223
31379
35087
20179
27961
36293
21132
29772
35231
36621
31443
34878
23156
37242
32721
29698
32139
28132
38969
29391
36604
34222
28350
34597
34248
29583
36258
34923
23232
37395
29133
28311
29427
29045
28237
35000
35737
35654
28099
37167
24801
37607
29511
27901
35726
27103
29327
26287
34752
28439
27437
30439
34015
29618
34334
28681
35062
31041
36417
28785
20181
22000
36725
29223
31379
35087
20179
27961
36293
21132
29772
35231
36621
31443
34878
23156
37242
32721
29698
32139
28132
38969
29391
36604
34222
28350
34597
34248
29583
36258
34923
27404
37205
29144
28697
28684
28690
29181
35217
35765
34904
32875
36141
24065
31953
33039
28493
36293
27799
31992
29397
35414
27982
24371
34193
34751
28708
34890
32864
35876
30170
36821
25147
21214
24855
37167
22068
34627
34219
22906
27700
35517
25055
32825
34606
30207
35282
34512
26777
29834
37501
25729
35219
29431
37396
30484
29221
36635
27531
34310
34015
29710
36495
33577
29181
37428
28641
29748
27982
31992
32554
35268
36584
27631
36127
36183
28434
28701
33926
28043
35517
24846
28311
33460
35311
24969
27755
33975
36064
32139
28132
35949
37629
33204
29353
27779
22647
30163
36141
22245
35972
28571
28888
32408
29411
24846
35948
34966
29269
35555
28735
34144
29650
30305
29085
34334
30747
36510
29704
29392
36589
27670
34193
34751
28067
35825
33661
33474
36472
31992
33134
24969
28311
35249
35269
36534
27349
36725
28395
34583
27177
34376
32408
28307
29620
26949
33537
28648
27297
27473
34248
29583
35219
28143
36037
30836
37518
28707
20653
21935
34559
36183
24297
35420
22158
26743
35726
22263
29160
35216
34995
27825
35725
21773
37272
29404
30281
28414
34890
34798
36416
33758
29521
35264
31008
33975
36064
32028
34468
26613
37395
29133
28311
29427
29045
28237
35000
35737
35654
28099
37167
24801
37607
29511
27901
35726
27103
29327
26287
34752
28439
27437
30439
34015
29618
34334
28681
35062
31041
36417
28785
20181
22000
36725
29223
31379
35087
20179
27961
36293
21132
29772
35231
36621
31443
34878
23156
37242
32721
29698
32139
28132
38969
29391
36604
34222
28350
34597
34248
29583
36258
34923
27404
37205
29144
28697
28684
28690
29181
35217
35765
34904
32875
36141
24065
31953
33039
28493
36293
27799
31992
29397
35414
27982
24371
34193
34751
28708
34890
32864
35876
30170
36821
25147
21214
24855
37167
22068
34627
34219
22906
27700
35517
25055
32825
34606
30207
35282
34512
26777
29834
37501
25729
35219
29431
37396
30484
29221
36635
27531
34310
34015
29710
36495
33577
29181
37428
28641
29748
27982
31992
32554
35268
36584
27631
36127
36183
28434
28701
33926
28043
35517
24846
28311
33460
35311
24969
27755
33975
36064
32139
28132
35949
37629
33204
29353
27779
22647
30163
36141
22245
35972
28571
28888
32408
29411
24846
35948
34966
29269
35555
28735
34144
29650
30305
29085
34334
30747
36510
29704
29392
36589
27670
34193
34751
28067
35825
33661
33474
36472
31992
33134
24969
28311
35249
35269
36534
27349
36725
28395
34583
27177
34376
32408
28307
29620
26949
33537
28648
27297
27473
34248
29583
35219
28143
36037
30836
37518
28707
20653
21935
34559
36183
24297
35420
22158
26743
35726
22263
29160
35216
34995
27825
35725
21773
37272
29404
30281
28414
34890
34798
36416
33758
29521
35264
31008
33975
36064
32028
34468
26613
37395
29133
28311
29427
29045
28237
35000
35737
35654
28099
37167
24801
37607
29511
27901
35726
27103
29327
26287
34752
28439
27437
30439
34015
29618
34334
28681
35062
31041
36417
28785
20181
22000
36725
29223
31379
35087
20179
27961
36293
21132
29772
35231
36621
31443
34878
23156
37242
32721
29698
32139
28132
38969
29391
36604
34222
28350
34597
34248
29583
36258
34923
27404
37205
29144
28697
28684
28690
29181
35217
35765
34904
32875
36141
24065
31953
33039
28493
36293
27799
31992
29397
35414
27982
24371
34193
34751
28708
34890
32864
35876
30170
36821
25147
21214
24855
37167
22068
34627
34219
22906
27700
35517
25055
32825
34606
30207
35282
34512
26777
29834
37501
25729
35219
29431
37396
30484
29221
36635
27531
34310
34015
29710
36495
33577
29181
37428
28641
29748
27982
31992
32554
35268
36584
27631
36127
36183
28434
28701
33926
28043
35517
24846
28311
33460
35311
24969
27755
33975
36064
32139
28132
35949
37629
33204
29353
27779
22647
30163
36141
22245
35972
28571
28888
32408
29411
24846
35948
34966
29269
35555
28735
34144
29650
30305
29085
34334
30747
36510
29704
29392
36589
27670
34193
34751
28067
35825
33661
33474
36472
31992
33134
24969
28311
35249
35269
36534
27349
36725
28395
34583
27177
34376
32408
28307
29620
26949
33537
28648
27297
27473
34248
29583
35219
28143
36037
30836
37518
28707
20653
21935
34559
36183
24297
35420
22158
26743
35726
22263
29160
35216
34995
27825
35725
21773
37272
29404
30281
28414
34890
34798
36416
33758
29521
35264
31008
33975
36064
32028
34468
27654
33474
36472
31992
33134
24969
28311
35249
35269
36534
27349
36725
28395
34583
27177
34376
32408
28307
29620
26949
33537
28648
27297
27473
34248
29583
35219
28143
36037
30836
37518
28707
20653
21935
34559
36183
24297
35420
22158
26743
35726
22263
29160
35216
34995
27825
35725
21773
37272
29404
30281
28414
34890
34798
36416
33758
29521
35264
31008
33975
36064
32028
34468
26613
37395
29133
28311
29427
29045
28237
35000
35737
35654
28099
37167
24801
37607
29511
27901
35726
27103
29327
26287
34752
28439
27437
30439
34015
29618
34334
28681
35062
31041
36417
28785
20181
22000
36725
29223
31379
35087
20179
27961
36293
21132
29772
35231
36621
31443
34878
23156
37242
32721
29698
32139
28132
38969
29391
36604
34222
28350
34597
34248
29583
36258
34923
27404
37205
29144
28697
28684
28690
29181
35217
35765
34904
32875
36141
24065
31953
33039
28493
36293
27799
31992
29397
35414
27982
24371
34193
34751
28708
34890
32864
35876
30170
36821
25147
21214
24855
37167
22068
34627
34219
22906
27700
35517
25055
32825
34606
30207
35282
34512
26777
29834
37501
25729
35219
29431
37396
30484
29221
36635
27531
34310
34015
29710
36495
33577
29181
37428
28641
29748
27982
31992
32554
35268
36584
27631
36127
36183
28434
28701
33926
28043
35517
24846
28311
33460
35311
24969
27755
33975
36064
32139
28132
35949
37629
33204
29353
27779
22647
30163
36141
22245
35972
28571
28888
32408
29411
24846
35948
34966
29269
35555
28735
34144
29650
30305
29085
34334
30747
36510
29704
29392
36589
27670
34193
34751
28067
35825
33661
33474
36472
31992
33134
24969
28311
35249
35269
36534
27349
36725
28395
34583
27177
34376
32408
28307
29620
26949
33537
28648
27297
27473
34248
29583
35219
28143
36037
30836
37518
28707
20653
21935
34559
36183
24297
35420
22158
26743
35726
22263
29160
35216
34995
27825
35725
21773
37272
29404
30281
28414
34890
34798
36416
33758
29521
35264
31008
33975
36064
32028
34468
26613
37395
29133
28311
29427
29045
28237
35000
35737
35654
28099
37167
24801
37607
29511
27901
35726
27103
29327
26287
34752
28439
27437
30439
34015
29618
34334
28681
35062
31041
36417
28785
20181
22000
36725
29223
31379
35087
20179
27961
36293
21132
29772
35231
36621
31443
34878
23156
37242
32721
29698
32139
28132
38969
29391
36604
34222
28350
34597
34248
29583
36258
34923
27404
37205
29144
28697
28684
28690
29181
35217
35765
34904
32875
36141
24065
31953
33039
28493
36293
27799
31992
29397
35414
27982
24371
34193
34751
28708
34890
32864
35876
30170
36821
25147
21214
24855
37167
22068
34627
34219
22906
27700
35517
25055
32825
34606
30207
35282
34512
26777
29834
37501
25729
35219
29431
37396
30484
29221
36635
27531
34310
34015
29710
36495
33577
29181
37428
28641
29748
27982
31992
32554
35268
36584
27631
36127
36183
28434
28701
33926
28043
35517
24846
28311
33460
35311
24969
27755
33975
36064
32139
28132
35949
37629
33204
29353
27779
22647
30163
36141
22245
35972
28571
28888
32408
29411
24846
35948
34966
29269
35555
28735
34144
29650
30305
29085
34334
30747
36510
29704
29392
36589
27670
34193
34751
28067
35825
33661
33474
36472
31992
33134
24969
28311
35249
35269
36534
27349
36725
28395
34583
27177
34376
32408
28307
29620
26949
33537
28648
27297
27473
34248
29583
35219
28143
36037
30836
37518
28707
20653
21935
34559
36183
24297
35420
22158
26743
35726
22263
29160
35216
34995
27825
35725
21773
37272
29404
30281
28414
34890
34798
36416
33758
29521
35264
31008
33975
36064
32028
34468
26613
37395
29133
28311
29427
29045
28237
35000
35737
35654
28099
37167
24801
37607
29511
27901
35726
27103
29327
26287
34752
28439
27437
30439
34015
29618
34334
28681
35062
31041
36417
28785
20181
22000
36725
29223
31379
35087
20179
27961
36293
21132
29772
35231
36621
31443
34878
23156
37242
32721
29698
32139
28132
38969
29391
36604
34222
28350
34597
34248
29583
36258
34923
27404
37205
29144
28697
28684
28690
29181
35217
35765
34904
32875
36141
24065
31953
33039
28493
36293
27799
31992
29397
35414
27982
24371
34193
34751
28708
34890
32864
35876
30170
36821
25147
21214
24855
37167
22068
34627
34219
22906
27700
35517
25055
32825
34606
30207
35282
34512
26777
29834
37501
25729
35219
29431
37396
30484
29221
36635
27531
34310
34015
29710
36495
33577
29181
37428
28641
29748
27982
31992
32554
35268
36584
27631
36127
36183
28434
28701
33926
28043
35517
24846
28311
33460
35311
24969
27755
33975
36064
32139
28132
35949
37629
33204
29353
27779
22647
30163
36141
22245
35972
28571
28888
32408
29411
24846
35948
34966
29269
35555
28735
34144
29650
30305
29085
34334
30747
36510
29704
29392
36589
27670
34193
34751
28067
35825
20382