
20834
27411
22638
22153
22203
22784
23362
26036
26125
25592
23186
26015
19787
22189
23962
21623
26485
22497
22027
20605
26302
22258
15510
25199
25608
23119
26104
23269
26404
24321
27022
15878
17148
19950
27784
15256
25639
25513
17952
22051
26176
19585
22745
25225
20628
25881
25176
20557
20534
27839
16154
25833
22213
27329
23231
19820
26637
21107
25412
25101
22459
26355
24263
23362
27589
22732
23749
22258
22027
22443
25554
26753
19150
26267
26572
20929
21191
24869
22415
26176
15810
19660
24807
25589
15674
20811
24909
26798
22502
19338
25909
27933
23010
20406
20879
16266
22130
26015
18818
26463
19844
20555
22830
20342
15810
26277
25736
21802
25803
20194
23716
22431
20732
22148
25019
24827
26859
23727
22741
26996
22321
25199
25608
22483
26189
24549
23313
26617
22027
22733
15674
19660
25741
25967
27092
20907
27034
19862
25179
21817
25516
22830
19298
22346
20500
24544
19676
20823
22126
25209
20056
25833
20995
26474
20840
27832
21551
15796
15260
24603
26572
18523
25917
15546
17996
26322
15796
21911
26073
26058
22551
26560
15276
27443
23682
22759
22807
26104
24219
27223
23530
23611
26173
21665
24909
26798
22590
25485
18826
27472
19906
19660
20218
22476
21718
26171
26712
25953
22542
27784
18109
27331
21353
19110
26322
20731
23460
21043
25607
21943
22166
21304
25101
22372
25019
23291
26161
23523
26607
23270
13875
16383
27034
20645
22022
25519
16596
21457
26485
17583
24030
26068
27019
22329
25585
19497
27441
22766
23994
22502
19338
28538
19950
27026
23913
19132
25188
25209
20056
27008
26079
20834
27411
22638
22153
22203
22784
23362
26036
26125
25592
23186
26015
19787
22189
23962
21623
26485
22497
22027
20605
26302
22258
15510
25199
25608
23119
26104
23269
26404
24321
27022
15878
17148
19950
27784
15256
25639
25513
17952
22051
26176
19585
22745
25225
20628
25881
25176
20557
20534
27839
16154
25833
22213
27329
23231
19820
26637
21107
25412
25101
22459
26355
24263
23362
27589
22732
23749
22258
22027
22443
25554
26753
19150
26267
26572
20929
21191
24869
22415
26176
15810
19660
24807
25589
15674
20811
24909
26798
22502
19338
25909
27933
23010
20406
20879
16266
22130
26015
18818
26463
19844
20555
22830
20342
15810
26277
25736
21802
25803
20194
23716
22431
20732
22148
25019
24827
26859
23727
22741
26996
22321
25199
25608
22483
26189
24549
23313
26617
22027
22733
15674
19660
25741
25967
27092
20907
27034
19862
25179
21817
25516
22830
19298
22346
20500
24544
19676
20823
22126
25209
20056
25833
20995
26474
20840
27832
21551
15796
15260
24603
26572
18523
25917
15546
17996
26322
15796
21911
26073
26058
22551
26560
15276
27443
23682
22759
22807
26104
24219
27223
23530
23611
26173
21665
24909
26798
22590
25485
18826
27472
19906
19660
20218
22476
21718
26171
26712
25953
22542
27784
18109
27331
21353
19110
26322
20731
23460
21043
25607
21943
22166
21304
25101
22372
25019
23291
26161
23523
26607
23270
13875
16383
27034
20645
22022
25519
16596
21457
26485
17583
24030
26068
27019
22329
25585
19497
27441
22766
23994
22502
19338
28538
19950
27026
23913
19132
25188
25209
20056
27008
26079
20834
27411
22638
22153
22203
22784
23362
26036
26125
25592
23186
26015
19787
22189
23962
21623
26485
22497
22027
20605
26302
22258
15510
25199
25608
23119
26104
23269
26404
24321
27022
15878
17148
19950
27784
15256
25639
25513
17952
22051
26176
19585
22745
25225
20628
25881
25176
20557
20534
27839
16154
25833
22213
27329
23231
19820
26637
21107
25412
25101
22459
26355
24263
23362
27589
22732
23749
22258
22027
22443
25554
26753
19150
26267
26572
20929
21191
24869
22415
26176
15810
19660
24807
25589
15674
20811
24909
26798
22502
19338
25909
27933
23010
20406
20879
16266
22130
26015
18818
26463
19844
20555
22830
20342
15810
26277
25736
21802
25803
20194
23716
22431
20732
22148
25019
24827
26859
23727
22741
26996
22321
25199
25608
22483
26189
24549
23313
26617
22027
22733
15674
19660
25741
25967
27092
20907
27034
19862
25179
21817
25516
22830
19298
22346
20500
24544
19676
20823
22126
25209
20056
25833
20995
26474
20840
27832
21551
15796
15260
24603
26572
18523
25917
15546
17996
26322
15796
21911
26073
26058
22551
26560
15276
27443
23682
22759
22807
26104
24219
27223
23530
23611
26173
21665
24909
26798
22590
25485
18826
27472
19906
19660
20218
22476
21718
26171
26712
25953
22542
27784
18109
27331
21353
19110
26322
20731
23460
21043
25607
21943
22166
21304
25101
22372
25019
23291
26161
23523
26607
23270
13875
16383
27034
20645
22022
25519
16596
21457
26485
17583
24030
26068
27019
22329
25585
19497
27441
22766
23994
22502
19338
28538
19950
27026
23913
19132
25188
25209
20056
27008
26079
15238
27472
19906
19660
20218
22476
21718
26171
26712
25953
22542
27784
18109
27331
21353
19110
26322
20731
23460
21043
25607
21943
22166
21304
25101
22372
25019
23291
26161
23523
26607
23270
13875
16383
27034
20645
22022
25519
16596
21457
26485
17583
24030
26068
27019
22329
25585
19497
27441
22766
23994
22502
19338
28538
19950
27026
23913
19132
25188
25209
20056
27008
26079
20834
27411
22638
22153
22203
22784
23362
26036
26125
25592
23186
26015
19787
22189
23962
21623
26485
22497
22027
20605
26302
22258
15510
25199
25608
23119
26104
23269
26404
24321
27022
15878
17148
19950
27784
15256
25639
25513
17952
22051
26176
19585
22745
25225
20628
25881
25176
20557
20534
27839
16154
25833
22213
27329
23231
19820
26637
21107
25412
25101
22459
26355
24263
23362
27589
22732
23749
22258
22027
22443
25554
26753
19150
26267
26572
20929
21191
24869
22415
26176
15810
19660
24807
25589
15674
20811
24909
26798
22502
19338
25909
27933
23010
20406
20879
16266
22130
26015
18818
26463
19844
20555
22830
20342
15810
26277
25736
21802
25803
20194
23716
22431
20732
22148
25019
24827
26859
23727
22741
26996
22321
25199
25608
22483
26189
24549
23313
26617
22027
22733
15674
19660
25741
25967
27092
20907
27034
19862
25179
21817
25516
22830
19298
22346
20500
24544
19676
20823
22126
25209
20056
25833
20995
26474
20840
27832
21551
15796
15260
24603
26572
18523
25917
15546
17996
26322
15796
21911
26073
26058
22551
26560
15276
27443
23682
22759
22807
26104
24219
27223
23530
23611
26173
21665
24909
26798
22590
25485
18826
27472
19906
19660
20218
22476
21718
26171
26712
25953
22542
27784
18109
27331
21353
19110
26322
20731
23460
21043
25607
21943
22166
21304
25101
22372
25019
23291
26161
23523
26607
23270
13875
16383
27034
20645
22022
25519
16596
21457
26485
17583
24030
26068
27019
22329
25585
19497
27441
22766
23994
22502
19338
28538
19950
27026
23913
19132
25188
25209
20056
27008
26079
20834
27411
22638
22153
22203
22784
23362
26036
26125
25592
23186
26015
19787
22189
23962
21623
26485
22497
22027
20605
26302
22258
15510
25199
25608
23119
26104
23269
26404
24321
27022
15878
17148
19950
27784
15256
25639
25513
17952
22051
26176
19585
22745
25225
20628
25881
25176
20557
20534
27839
16154
25833
22213
27329
23231
19820
26637
21107
25412
25101
22459
26355
24263
23362
27589
22732
23749
22258
22027
22443
25554
26753
19150
26267
26572
20929
21191
24869
22415
26176
15810
19660
24807
25589
15674
20811
24909
26798
22502
19338
25909
27933
23010
20406
20879
16266
22130
26015
18818
26463
19844
20555
22830
20342
15810
26277
25736
21802
25803
20194
23716
22431
20732
22148
25019
24827
26859
23727
22741
26996
22321
25199
25608
22483
26189
24549
23313
26617
22027
22733
15674
19660
25741
25967
27092
20907
27034
19862
25179
21817
25516
22830
19298
22346
20500
24544
19676
20823
22126
25209
20056
25833
20995
26474
20840
27832
21551
15796
15260
24603
26572
18523
25917
15546
17996
26322
15796
21911
26073
26058
22551
26560
15276
27443
23682
22759
22807
26104
24219
27223
23530
23611
26173
21665
24909
26798
22590
25485
18826
27472
19906
19660
20218
22476
21718
26171
26712
25953
22542
27784
18109
27331
21353
19110
26322
20731
23460
21043
25607
21943
22166
21304
25101
22372
25019
23291
26161
23523
26607
23270
13875
16383
27034
20645
22022
25519
16596
21457
26485
17583
24030
26068
27019
22329
25585
19497
27441
22766
23994
22502
19338
28538
19950
27026
23913
19132
25188
25209
20056
27008
26079
20834
27411
22638
22153
22203
22784
23362
26036
26125
25592
23186
26015
19787
22189
23962
21623
26485
22497
22027
20605
26302
22258
15510
25199
25608
23119
26104
23269
26404
24321
27022
15878
17148
19950
27784
15256
25639
25513
17952
22051
26176
19585
22745
25225
20628
25881
25176
20557
20534
27839
16154
25833
22213
27329
23231
19820
26637
21107
25412
25101
22459
26355
24263
23362
27589
22732
23749
22258
22027
22443
25554
26753
19150
26267
26572
20929
21191
24869
22415
26176
15810
19660
24807
25589
15674
20811
24909
26798
22502
19338
25909
27933
23010
20406
20879
16266
22130
26015
18818
26463
19844
20555
22830
20342
15810
26277
25736
21802
25803
20194
23716
22431
20732
22148
25019
24827
26859
23727
22741
26996
22321
25199
25608
22483
26189
24549
23313
26617
22027
22733
15674
19660
25741
25967
27092
20907
27034
19862
25179
21817
25516
22830
19298
22346
20500
24544
19676
20823
22126
25209
20056
25833
20995
26474
20840
27832
21551
15796
15260
24603
26572
18523
25917
15546
17996
26322
15796
21911
26073
26058
22551
26560
15276
27443
23682
22759
22807
26104
24219
27223
23530
23611
26173
21665
24909
26798
22590
25485
22103
23313
26617
22027
22733
15674
19660
25741
25967
27092
20907
27034
19862
25179
21817
25516
22830
19298
22346
20500
24544
19676
20823
22126
25209
20056
25833
20995
26474
20840
27832
21551
15796
15260
24603
26572
18523
25917
15546
17996
26322
15796
21911
26073
26058
22551
26560
15276
27443
23682
22759
22807
26104
24219
27223
23530
23611
26173
21665
24909
26798
22590
25485
18826
27472
19906
19660
20218
22476
21718
26171
26712
25953
22542
27784
18109
27331
21353
19110
26322
20731
23460
21043
25607
21943
22166
21304
25101
22372
25019
23291
26161
23523
26607
23270
13875
16383
27034
20645
22022
25519
16596
21457
26485
17583
24030
26068
27019
22329
25585
19497
27441
22766
23994
22502
19338
28538
19950
27026
23913
19132
25188
25209
20056
27008
26079
20834
27411
22638
22153
22203
22784
23362
26036
26125
25592
23186
26015
19787
22189
23962
21623
26485
22497
22027
20605
26302
22258
15510
25199
25608
23119
26104
23269
26404
24321
27022
15878
17148
19950
27784
15256
25639
25513
17952
22051
26176
19585
22745
25225
20628
25881
25176
20557
20534
27839
16154
25833
22213
27329
23231
19820
26637
21107
25412
25101
22459
26355
24263
23362
27589
22732
23749
22258
22027
22443
25554
26753
19150
26267
26572
20929
21191
24869
22415
26176
15810
19660
24807
25589
15674
20811
24909
26798
22502
19338
25909
27933
23010
20406
20879
16266
22130
26015
18818
26463
19844
20555
22830
20342
15810
26277
25736
21802
25803
20194
23716
22431
20732
22148
25019
24827
26859
23727
22741
26996
22321
25199
25608
22483
26189
24549
23313
26617
22027
22733
15674
19660
25741
25967
27092
20907
27034
19862
25179
21817
25516
22830
19298
22346
20500
24544
19676
20823
22126
25209
20056
25833
20995
26474
20840
27832
21551
15796
15260
24603
26572
18523
25917
15546
17996
26322
15796
21911
26073
26058
22551
26560
15276
27443
23682
22759
22807
26104
24219
27223
23530
23611
26173
21665
24909
26798
22590
25485
18826
27472
19906
19660
20218
22476
21718
26171
26712
25953
22542
27784
18109
27331
21353
19110
26322
20731
23460
21043
25607
21943
22166
21304
25101
22372
25019
23291
26161
23523
26607
23270
13875
16383
27034
20645
22022
25519
16596
21457
26485
17583
24030
26068
27019
22329
25585
19497
27441
22766
23994
22502
19338
28538
19950
27026
23913
19132
25188
25209
20056
27008
26079
20834
27411
22638
22153
22203
22784
23362
26036
26125
25592
23186
26015
19787
22189
23962
21623
26485
22497
22027
20605
26302
22258
15510
25199
25608
23119
26104
23269
26404
24321
27022
15878
17148
19950
27784
15256
25639
25513
17952
22051
26176
19585
22745
25225
20628
25881
25176
20557
20534
27839
16154
25833
22213
27329
23231
19820
26637
21107
25412
25101
22459
26355
24263
23362
27589
22732
23749
22258
22027
22443
25554
26753
19150
26267
26572
20929
21191
24869
22415
26176
15810
19660
24807
25589
15674
20811
24909
26798
22502
19338
25909
27933
23010
20406
20879
16266
22130
26015
18818
26463
19844
20555
22830
20342
15810
26277
25736
21802
25803
20194
23716
22431
20732
22148
25019
24827
26859
23727
22741
26996
22321
25199
25608
22483
26189
24549
23313
26617
22027
22733
15674
19660
25741
25967
27092
20907
27034
19862
25179
21817
25516
22830
19298
22346
20500
24544
19676
20823
22126
25209
20056
25833
20995
26474
20840
27832
21551
15796
15260
24603
26572
18523
25917
15546
17996
26322
15796
21911
26073
26058
22551
26560
15276
27443
23682
22759
22807
26104
24219
27223
23530
23611
26173
21665
24909
26798
22590
25485
18826
27472
19906
19660
20218
22476
21718
26171
26712
25953
22542
27784
18109
27331
21353
19110
26322
20731
23460
21043
25607
21943
22166
21304
25101
22372
25019
23291
26161
23523
26607
23270
13875
16383
27034
20645
22022
25519
16596
21457
26485
17583
24030
26068
27019
22329
25585
19497
27441
22766
23994
22502
19338
28538
19950
27026
23913
19132
25188
25209
20056
27008
26079
20834
27411
22638
22153
22203
22784
23362
26036
26125
25592
23186
26015
19787
22189
23962
21623
26485
22497
22027
20605
26302
22258
15510
25199
25608
23119
26104
23269
26404
24321
27022
15878
17148
19950
27784
15256
25639
25513
17952
22051
26176
19585
22745
25225
20628
25881
25176
20557
20534
27839
16154
25833
22213
27329
23231
19820
26637
21107
25412
25101
22459
26355
24263
23362
27589
22732
23749
22258
22027
22443
25554
26753
19150
26267
26572
20929
21191
24869
22415
26176
15810
19660
24807
25589
15674
20811
24909
26798
22502
19338
25909
27933
23010
20406
20879
16266
22130
26015
18818
26463
19844
20555
22830
20342
15810
26277
25736
21802
25803
20194
23716
22431
20732
22148
25019
24827
26859
23727
22741
26996
22321
25199
25608
22483
26189
20871
23362
27589
22732
23749
22258
22027
22443
25554
26753
19150
26267
26572
20929
21191
24869
22415
26176
15810
19660
24807
25589
15674
20811
24909
26798
22502
19338
25909
27933
23010
20406
20879
16266
22130
26015
18818
26463
19844
20555
22830
20342
15810
26277
25736
21802
25803
20194
23716
22431
20732
22148
25019
24827
26859
23727
22741
26996
22321
25199
25608
22483
26189
24549
23313
26617
22027
22733
15674
19660
25741
25967
27092
20907
27034
19862
25179
21817
25516
22830
19298
22346
20500
24544
19676
20823
22126
25209
20056
25833
20995
26474
20840
27832
21551
15796
15260
24603
26572
18523
25917
15546
17996
26322
15796
21911
26073
26058
22551
26560
15276
27443
23682
22759
22807
26104
24219
27223
23530
23611
26173
21665
24909
26798
22590
25485
18826
27472
19906
19660
20218
22476
21718
26171
26712
25953
22542
27784
18109
27331
21353
19110
26322
20731
23460
21043
25607
21943
22166
21304
25101
22372
25019
23291
26161
23523
26607
23270
13875
16383
27034
20645
22022
25519
16596
21457
26485
17583
24030
26068
27019
22329
25585
19497
27441
22766
23994
22502
19338
28538
19950
27026
23913
19132
25188
25209
20056
27008
26079
20834
27411
22638
22153
22203
22784
23362
26036
26125
25592
23186
26015
19787
22189
23962
21623
26485
22497
22027
20605
26302
22258
15510
25199
25608
23119
26104
23269
26404
24321
27022
15878
17148
19950
27784
15256
25639
25513
17952
22051
26176
19585
22745
25225
20628
25881
25176
20557
20534
27839
16154
25833
22213
27329
23231
19820
26637
21107
25412
25101
22459
26355
24263
23362
27589
22732
23749
22258
22027
22443
25554
26753
19150
26267
26572
20929
21191
24869
22415
26176
15810
19660
24807
25589
15674
20811
24909
26798
22502
19338
25909
27933
23010
20406
20879
16266
22130
26015
18818
26463
19844
20555
22830
20342
15810
26277
25736
21802
25803
20194
23716
22431
20732
22148
25019
24827
26859
23727
22741
26996
22321
25199
25608
22483
26189
24549
23313
26617
22027
22733
15674
19660
25741
25967
27092
20907
27034
19862
25179
21817
25516
22830
19298
22346
20500
24544
19676
20823
22126
25209
20056
25833
20995
26474
20840
27832
21551
15796
15260
24603
26572
18523
25917
15546
17996
26322
15796
21911
26073
26058
22551
26560
15276
27443
23682
22759
22807
26104
24219
27223
23530
23611
26173
21665
24909
26798
22590
25485
18826
27472
19906
19660
20218
22476
21718
26171
26712
25953
22542
27784
18109
27331
21353
19110
26322
20731
23460
21043
25607
21943
22166
21304
25101
22372
25019
23291
26161
23523
26607
23270
13875
16383
27034
20645
22022
25519
16596
21457
26485
17583
24030
26068
27019
22329
25585
19497
27441
22766
23994
22502
19338
28538
19950
27026
23913
19132
25188
25209
20056
27008
26079
20834
27411
22638
22153
22203
22784
23362
26036
26125
25592
23186
26015
19787
22189
23962
21623
26485
22497
22027
20605
26302
22258
15510
25199
25608
23119
26104
23269
26404
24321
27022
15878
17148
19950
27784
15256
25639
25513
17952
22051
26176
19585
22745
25225
20628
25881
25176
20557
20534
27839
16154
25833
22213
27329
23231
19820
26637
21107
25412
25101
22459
26355
24263
23362
27589
22732
23749
22258
22027
22443
25554
26753
19150
26267
26572
20929
21191
24869
22415
26176
15810
19660
24807
25589
15674
20811
24909
26798
22502
19338
25909
27933
23010
20406
20879
16266
22130
26015
18818
26463
19844
20555
22830
20342
15810
26277
25736
21802
25803
20194
23716
22431
20732
22148
25019
24827
26859
23727
22741
26996
22321
25199
25608
22483
26189
24549
23313
26617
22027
22733
15674
19660
25741
25967
27092
20907
27034
19862
25179
21817
25516
22830
19298
22346
20500
24544
19676
20823
22126
25209
20056
25833
20995
26474
20840
27832
21551
15796
15260
24603
26572
18523
25917
15546
17996
26322
15796
21911
26073
26058
22551
26560
15276
27443
23682
22759
22807
26104
24219
27223
23530
23611
26173
21665
24909
26798
22590
25485
18826
27472
19906
19660
20218
22476
21718
26171
26712
25953
22542
27784
18109
27331
21353
19110
26322
20731
23460
21043
25607
21943
22166
21304
25101
22372
25019
23291
26161
23523
26607
23270
13875
16383
27034
20645
22022
25519
16596
21457
26485
17583
24030
26068
27019
22329
25585
19497
27441
22766
23994
22502
19338
28538
19950
27026
23913
19132
25188
25209
20056
27008
26079
20834
27411
22638
22153
22203
22784
23362
26036
26125
25592
23186
26015
19787
22189
23962
21623
26485
22497
22027
20605
26302
22258
15510
25199
25608
23119
26104
23269
26404
24321
27022
15878
17148
19950
27784
15256
25639
25513
17952
22051
26176
19585
22745
25225
20628
25881
25176
20557
20534
27839
16154
25833
22213
27329
23231
19820
26637
21107
25412
25101
22459
26355
20696
20834
27411
22638
22153
22203
22784
23362
26036
26125
25592
23186
26015
19787
22189
23962
21623
26485
22497
22027
20605
26302
22258
15510
25199
25608
23119
26104
23269
26404
24321
27022
15878
17148
19950
27784
15256
25639
25513
17952
22051
26176
19585
22745
25225
20628
25881
25176
20557
20534
27839
16154
25833
22213
27329
23231
19820
26637
21107
25412
25101
22459
26355
24263
23362
27589
22732
23749
22258
22027
22443
25554
26753
19150
26267
26572
20929
21191
24869
22415
26176
15810
19660
24807
25589
15674
20811
24909
26798
22502
19338
25909
27933
23010
20406
20879
16266
22130
26015
18818
26463
19844
20555
22830
20342
15810
26277
25736
21802
25803
20194
23716
22431
20732
22148
25019
24827
26859
23727
22741
26996
22321
25199
25608
22483
26189
24549
23313
26617
22027
22733
15674
19660
25741
25967
27092
20907
27034
19862
25179
21817
25516
22830
19298
22346
20500
24544
19676
20823
22126
25209
20056
25833
20995
26474
20840
27832
21551
15796
15260
24603
26572
18523
25917
15546
17996
26322
15796
21911
26073
26058
22551
26560
15276
27443
23682
22759
22807
26104
24219
27223
23530
23611
26173
21665
24909
26798
22590
25485
18826
27472
19906
19660
20218
22476
21718
26171
26712
25953
22542
27784
18109
27331
21353
19110
26322
20731
23460
21043
25607
21943
22166
21304
25101
22372
25019
23291
26161
23523
26607
23270
13875
16383
27034
20645
22022
25519
16596
21457
26485
17583
24030
26068
27019
22329
25585
19497
27441
22766
23994
22502
19338
28538
19950
27026
23913
19132
25188
25209
20056
27008
26079
20834
27411
22638
22153
22203
22784
23362
26036
26125
25592
23186
26015
19787
22189
23962
21623
26485
22497
22027
20605
26302
22258
15510
25199
25608
23119
26104
23269
26404
24321
27022
15878
17148
19950
27784
15256
25639
25513
17952
22051
26176
19585
22745
25225
20628
25881
25176
20557
20534
27839
16154
25833
22213
27329
23231
19820
26637
21107
25412
25101
22459
26355
24263
23362
27589
22732
23749
22258
22027
22443
25554
26753
19150
26267
26572
20929
21191
24869
22415
26176
15810
19660
24807
25589
15674
20811
24909
26798
22502
19338
25909
27933
23010
20406
20879
16266
22130
26015
18818
26463
19844
20555
22830
20342
15810
26277
25736
21802
25803
20194
23716
22431
20732
22148
25019
24827
26859
23727
22741
26996
22321
25199
25608
22483
26189
24549
23313
26617
22027
22733
15674
19660
25741
25967
27092
20907
27034
19862
25179
21817
25516
22830
19298
22346
20500
24544
19676
20823
22126
25209
20056
25833
20995
26474
20840
27832
21551
15796
15260
24603
26572
18523
25917
15546
17996
26322
15796
21911
26073
26058
22551
26560
15276
27443
23682
22759
22807
26104
24219
27223
23530
23611
26173
21665
24909
26798
22590
25485
18826
27472
19906
19660
20218
22476
21718
26171
26712
25953
22542
27784
18109
27331
21353
19110
26322
20731
23460
21043
25607
21943
22166
21304
25101
22372
25019
23291
26161
23523
26607
23270
13875
16383
27034
20645
22022
25519
16596
21457
26485
17583
24030
26068
27019
22329
25585
19497
27441
22766
23994
22502
19338
28538
19950
27026
23913
19132
25188
25209
20056
27008
26079
20834
27411
22638
22153
22203
22784
23362
26036
26125
25592
23186
26015
19787
22189
23962
21623
26485
22497
22027
20605
26302
22258
15510
25199
25608
23119
26104
23269
26404
24321
27022
15878
17148
19950
27784
15256
25639
25513
17952
22051
26176
19585
22745
25225
20628
25881
25176
20557
20534
27839
16154
25833
22213
27329
23231
19820
26637
21107
25412
25101
22459
26355
24263
23362
27589
22732
23749
22258
22027
22443
25554
26753
19150
26267
26572
20929
21191
24869
22415
26176
15810
19660
24807
25589
15674
20811
24909
26798
22502
19338
25909
27933
23010
20406
20879
16266
22130
26015
18818
26463
19844
20555
22830
20342
15810
26277
25736
21802
25803
20194
23716
22431
20732
22148
25019
24827
26859
23727
22741
26996
22321
25199
25608
22483
26189
24549
23313
26617
22027
22733
15674
19660
25741
25967
27092
20907
27034
19862
25179
21817
25516
22830
19298
22346
20500
24544
19676
20823
22126
25209
20056
25833
20995
26474
20840
27832
21551
15796
15260
24603
26572
18523
25917
15546
17996
26322
15796
21911
26073
26058
22551
26560
15276
27443
23682
22759
22807
26104
24219
27223
23530
23611
26173
21665
24909
26798
22590
25485
18826
27472
19906
19660
20218
22476
21718
26171
26712
25953
22542
27784
18109
27331
21353
19110
26322
20731
23460
21043
25607
21943
22166
21304
25101
22372
25019
23291
26161
23523
26607
23270
13875
16383
27034
20645
22022
25519
16596
21457
26485
17583
24030
26068
27019
22329
25585
19497
27441
22766
23994
22502
19338
28538
19950
27026
23913
19132
25188
25209
20056
27008
26079
15238
27472
19906
19660
20218
22476
21718
26171
26712
25953
22542
27784
18109
27331
21353
19110
26322
20731
23460
21043
25607
21943
22166
21304
25101
22372
25019
23291
26161
23523
26607
23270
13875
16383
27034
20645
22022
25519
16596
21457
26485
17583
24030
26068
27019
22329
25585
19497
27441
22766
23994
22502
19338
28538
19950
27026
23913
19132
25188
25209
20056
27008
26079
20834
27411
22638
22153
22203
22784
23362
26036
26125
25592
23186
26015
19787
22189
23962
21623
26485
22497
22027
20605
26302
22258
15510
25199
25608
23119
26104
23269
26404
24321
27022
15878
17148
19950
27784
15256
25639
25513
17952
22051
26176
19585
22745
25225
20628
25881
25176
20557
20534
27839
16154
25833
22213
27329
23231
19820
26637
21107
25412
25101
22459
26355
24263
23362
27589
22732
23749
22258
22027
22443
25554
26753
19150
26267
26572
20929
21191
24869
22415
26176
15810
19660
24807
25589
15674
20811
24909
26798
22502
19338
25909
27933
23010
20406
20879
16266
22130
26015
18818
26463
19844
20555
22830
20342
15810
26277
25736
21802
25803
20194
23716
22431
20732
22148
25019
24827
26859
23727
22741
26996
22321
25199
25608
22483
26189
24549
23313
26617
22027
22733
15674
19660
25741
25967
27092
20907
27034
19862
25179
21817
25516
22830
19298
22346
20500
24544
19676
20823
22126
25209
20056
25833
20995
26474
20840
27832
21551
15796
15260
24603
26572
18523
25917
15546
17996
26322
15796
21911
26073
26058
22551
26560
15276
27443
23682
22759
22807
26104
24219
27223
23530
23611
26173
21665
24909
26798
22590
25485
18826
27472
19906
19660
20218
22476
21718
26171
26712
25953
22542
27784
18109
27331
21353
19110
26322
20731
23460
21043
25607
21943
22166
21304
25101
22372
25019
23291
26161
23523
26607
23270
13875
16383
27034
20645
22022
25519
16596
21457
26485
17583
24030
26068
27019
22329
25585
19497
27441
22766
23994
22502
19338
28538
19950
27026
23913
19132
25188
25209
20056
27008
26079
20834
27411
22638
22153
22203
22784
23362
26036
26125
25592
23186
26015
19787
22189
23962
21623
26485
22497
22027
20605
26302
22258
15510
25199
25608
23119
26104
23269
26404
24321
27022
15878
17148
19950
27784
15256
25639
25513
17952
22051
26176
19585
22745
25225
20628
25881
25176
20557
20534
27839
16154
25833
22213
27329
23231
19820
26637
21107
25412
25101
22459
26355
24263
23362
27589
22732
23749
22258
22027
22443
25554
26753
19150
26267
26572
20929
21191
24869
22415
26176
15810
19660
24807
25589
15674
20811
24909
26798
22502
19338
25909
27933
23010
20406
20879
16266
22130
26015
18818
26463
19844
20555
22830
20342
15810
26277
25736
21802
25803
20194
23716
22431
20732
22148
25019
24827
26859
23727
22741
26996
22321
25199
25608
22483
26189
24549
23313
26617
22027
22733
15674
19660
25741
25967
27092
20907
27034
19862
25179
21817
25516
22830
19298
22346
20500
24544
19676
20823
22126
25209
20056
25833
20995
26474
20840
27832
21551
15796
15260
24603
26572
18523
25917
15546
17996
26322
15796
21911
26073
26058
22551
26560
15276
27443
23682
22759
22807
26104
24219
27223
23530
23611
26173
21665
24909
26798
22590
25485
18826
27472
19906
19660
20218
22476
21718
26171
26712
25953
22542
27784
18109
27331
21353
19110
26322
20731
23460
21043
25607
21943
22166
21304
25101
22372
25019
23291
26161
23523
26607
23270
13875
16383
27034
20645
22022
25519
16596
21457
26485
17583
24030
26068
27019
22329
25585
19497
27441
22766
23994
22502
19338
28538
19950
27026
23913
19132
25188
25209
20056
27008
26079
20834
27411
22638
22153
22203
22784
23362
26036
26125
25592
23186
26015
19787
22189
23962
21623
26485
22497
22027
20605
26302
22258
15510
25199
25608
23119
26104
23269
26404
24321
27022
15878
17148
19950
27784
15256
25639
25513
17952
22051
26176
19585
22745
25225
20628
25881
25176
20557
20534
27839
16154
25833
22213
27329
23231
19820
26637
21107
25412
25101
22459
26355
24263
23362
27589
22732
23749
22258
22027
22443
25554
26753
19150
26267
26572
20929
21191
24869
22415
26176
15810
19660
24807
25589
15674
20811
24909
26798
22502
19338
25909
27933
23010
20406
20879
16266
22130
26015
18818
26463
19844
20555
22830
20342
15810
26277
25736
21802
25803
20194
23716
22431
20732
22148
25019
24827
26859
23727
22741
26996
22321
25199
25608
22483
26189
24549
23313
26617
22027
22733
15674
19660
25741
25967
27092
20907
27034
19862
25179
21817
25516
22830
19298
22346
20500
24544
19676
20823
22126
25209
20056
25833
20995
26474
20840
27832
21551
15796
15260
24603
26572
18523
25917
15546
17996
26322
15796
21911
26073
26058
22551
26560
15276
27443
23682
22759
22807
26104
24219
27223
23530
23611
26173
21665
24909
26798
22590
25485
22103
23313
26617
22027
22733
15674
19660
25741
25967
27092
20907
27034
19862
25179
21817
25516
22830
19298
22346
20500
24544
19676
20823
22126
25209
20056
25833
20995
26474
20840
27832
21551
15796
15260
24603
26572
18523
25917
15546
17996
26322
15796
21911
26073
26058
22551
26560
15276
27443
23682
22759
22807
26104
24219
27223
23530
23611
26173
21665
24909
26798
22590
25485
18826
27472
19906
19660
20218
22476
21718
26171
26712
25953
22542
27784
18109
27331
21353
19110
26322
20731
23460
21043
25607
21943
22166
21304
25101
22372
25019
23291
26161
23523
26607
23270
13875
16383
27034
20645
22022
25519
16596
21457
26485
17583
24030
26068
27019
22329
25585
19497
27441
22766
23994
22502
19338
28538
19950
27026
23913
19132
25188
25209
20056
27008
26079
20834
27411
22638
22153
22203
22784
23362
26036
26125
25592
23186
26015
19787
22189
23962
21623
26485
22497
22027
20605
26302
22258
15510
25199
25608
23119
26104
23269
26404
24321
27022
15878
17148
19950
27784
15256
25639
25513
17952
22051
26176
19585
22745
25225
20628
25881
25176
20557
20534
27839
16154
25833
22213
27329
23231
19820
26637
21107
25412
25101
22459
26355
24263
23362
27589
22732
23749
22258
22027
22443
25554
26753
19150
26267
26572
20929
21191
24869
22415
26176
15810
19660
24807
25589
15674
20811
24909
26798
22502
19338
25909
27933
23010
20406
20879
16266
22130
26015
18818
26463
19844
20555
22830
20342
15810
26277
25736
21802
25803
20194
23716
22431
20732
22148
25019
24827
26859
23727
22741
26996
22321
25199
25608
22483
26189
24549
23313
26617
22027
22733
15674
19660
25741
25967
27092
20907
27034
19862
25179
21817
25516
22830
19298
22346
20500
24544
19676
20823
22126
25209
20056
25833
20995
26474
20840
27832
21551
15796
15260
24603
26572
18523
25917
15546
17996
26322
15796
21911
26073
26058
22551
26560
15276
27443
23682
22759
22807
26104
24219
27223
23530
23611
26173
21665
24909
26798
22590
25485
18826
27472
19906
19660
20218
22476
21718
26171
26712
25953
22542
27784
18109
27331
21353
19110
26322
20731
23460
21043
25607
21943
22166
21304
25101
22372
25019
23291
26161
23523
26607
23270
13875
16383
27034
20645
22022
25519
16596
21457
26485
17583
24030
26068
27019
22329
25585
19497
27441
22766
23994
22502
19338
28538
19950
27026
23913
19132
25188
25209
20056
27008
26079
20834
27411
22638
22153
22203
22784
23362
26036
26125
25592
23186
26015
19787
22189
23962
21623
26485
22497
22027
20605
26302
22258
15510
25199
25608
23119
26104
23269
26404
24321
27022
15878
17148
19950
27784
15256
25639
25513
17952
22051
26176
19585
22745
25225
20628
25881
25176
20557
20534
27839
16154
25833
22213
27329
23231
19820
26637
21107
25412
25101
22459
26355
24263
23362
27589
22732
23749
22258
22027
22443
25554
26753
19150
26267
26572
20929
21191
24869
22415
26176
15810
19660
24807
25589
15674
20811
24909
26798
22502
19338
25909
27933
23010
20406
20879
16266
22130
26015
18818
26463
19844
20555
22830
20342
15810
26277
25736
21802
25803
20194
23716
22431
20732
22148
25019
24827
26859
23727
22741
26996
22321
25199
25608
22483
26189
24549
23313
26617
22027
22733
15674
19660
25741
25967
27092
20907
27034
19862
25179
21817
25516
22830
19298
22346
20500
24544
19676
20823
22126
25209
20056
25833
20995
26474
20840
27832
21551
15796
15260
24603
26572
18523
25917
15546
17996
26322
15796
21911
26073
26058
22551
26560
15276
27443
23682
22759
22807
26104
24219
27223
23530
23611
26173
21665
24909
26798
22590
25485
18826
27472
19906
19660
20218
22476
21718
26171
26712
25953
22542
27784
18109
27331
21353
19110
26322
20731
23460
21043
25607
21943
22166
21304
25101
22372
25019
23291
26161
23523
26607
23270
13875
16383
27034
20645
22022
25519
16596
21457
26485
17583
24030
26068
27019
22329
25585
19497
27441
22766
23994
22502
19338
28538
19950
27026
23913
19132
25188
25209
20056
27008
26079
20834
27411
22638
22153
22203
22784
23362
26036
26125
25592
23186
26015
19787
22189
23962
21623
26485
22497
22027
20605
26302
22258
15510
25199
25608
23119
26104
23269
26404
24321
27022
15878
17148
19950
27784
15256
25639
25513
17952
22051
26176
19585
22745
25225
20628
25881
25176
20557
20534
27839
16154
25833
22213
27329
23231
19820
26637
21107
25412
25101
22459
26355
24263
23362
27589
22732
23749
22258
22027
22443
25554
26753
19150
26267
26572
20929
21191
24869
22415
26176
15810
19660
24807
25589
15674
20811
24909
26798
22502
19338
25909
27933
23010
20406
20879
16266
22130
26015
18818
26463
19844
20555
22830
20342
15810
26277
25736
21802
25803
20194
23716
22431
20732
22148
25019
24827
26859
23727
22741
26996
22321
25199
25608
22483
26189
13215