
21671
28526
23411
22856
23161
20314
20535
26577
27116
27101
23590
27729
17774
25935
24939
22949
27833
19690
23538
21354
26813
19879
18638
26105
26471
20686
26676
23432
27167
21653
28388
19390
15895
17748
28158
19383
26368
26371
15442
19717
27372
16610
23828
26545
24468
26684
26661
17642
24368
28543
19954
27020
23593
29011
24547
24103
28349
22506
26411
26011
24196
27873
25729
20535
28599
20259
20865
19879
23538
23722
27039
28109
22744
27661
28194
19716
23805
26075
20102
27372
18918
23412
25402
27034
19506
22517
26028
27229
23292
22657
27579
28356
24186
23968
22757
16314
21022
27729
16986
27293
22973
20530
23462
23954
18918
27851
26947
24106
27395
23344
24862
24037
24578
23637
26621
21768
28335
21247
23698
28345
19657
26105
26471
20342
27926
26287
24222
28084
23538
24248
19506
23412
27482
27295
27966
21997
28310
23256
25325
20253
26231
23462
23354
23737
21906
25533
23701
22335
19814
26274
23991
27020
22893
28045
25055
28707
23313
16090
17309
25901
28194
16161
27134
19335
21652
27185
19569
23487
27158
26616
20313
27463
19019
28713
21049
24656
20356
26676
25096
27728
24626
20818
26987
22332
26028
27229
23238
26734
21759
28692
24171
23412
24501
23285
22606
26858
27130
27419
19888
28158
20829
28523
21183
22642
27185
22147
21029
18901
26541
22886
19550
22066
26011
24146
26621
20584
26851
25296
27915
20658
16020
17590
28310
23706
22844
27245
15871
22456
27833
16278
21249
26837
27585
22566
26667
17378
28563
23754
21379
23292
22657
29939
23841
28111
24748
23307
26635
26274
23991
27309
26487
21671
28526
23411
22856
23161
20314
20535
26577
27116
27101
23590
27729
17774
25935
24939
22949
27833
19690
23538
21354
26813
19879
18638
26105
26471
20686
26676
23432
27167
21653
28388
19390
15895
17748
28158
19383
26368
26371
15442
19717
27372
16610
23828
26545
24468
26684
26661
17642
24368
28543
19954
27020
23593
29011
24547
24103
28349
22506
26411
26011
24196
27873
25729
20535
28599
20259
20865
19879
23538
23722
27039
28109
22744
27661
28194
19716
23805
26075
20102
27372
18918
23412
25402
27034
19506
22517
26028
27229
23292
22657
27579
28356
24186
23968
22757
16314
21022
27729
16986
27293
22973
20530
23462
23954
18918
27851
26947
24106
27395
23344
24862
24037
24578
23637
26621
21768
28335
21247
23698
28345
19657
26105
26471
20342
27926
26287
24222
28084
23538
24248
19506
23412
27482
27295
27966
21997
28310
23256
25325
20253
26231
23462
23354
23737
21906
25533
23701
22335
19814
26274
23991
27020
22893
28045
25055
28707
23313
16090
17309
25901
28194
16161
27134
19335
21652
27185
19569
23487
27158
26616
20313
27463
19019
28713
21049
24656
20356
26676
25096
27728
24626
20818
26987
22332
26028
27229
23238
26734
21759
28692
24171
23412
24501
23285
22606
26858
27130
27419
19888
28158
20829
28523
21183
22642
27185
22147
21029
18901
26541
22886
19550
22066
26011
24146
26621
20584
26851
25296
27915
20658
16020
17590
28310
23706
22844
27245
15871
22456
27833
16278
21249
26837
27585
22566
26667
17378
28563
23754
21379
23292
22657
29939
23841
28111
24748
23307
26635
26274
23991
27309
26487
21671
28526
23411
22856
23161
20314
20535
26577
27116
27101
23590
27729
17774
25935
24939
22949
27833
19690
23538
21354
26813
19879
18638
26105
26471
20686
26676
23432
27167
21653
28388
19390
15895
17748
28158
19383
26368
26371
15442
19717
27372
16610
23828
26545
24468
26684
26661
17642
24368
28543
19954
27020
23593
29011
24547
24103
28349
22506
26411
26011
24196
27873
25729
20535
28599
20259
20865
19879
23538
23722
27039
28109
22744
27661
28194
19716
23805
26075
20102
27372
18918
23412
25402
27034
19506
22517
26028
27229
23292
22657
27579
28356
24186
23968
22757
16314
21022
27729
16986
27293
22973
20530
23462
23954
18918
27851
26947
24106
27395
23344
24862
24037
24578
23637
26621
21768
28335
21247
23698
28345
19657
26105
26471
20342
27926
26287
24222
28084
23538
24248
19506
23412
27482
27295
27966
21997
28310
23256
25325
20253
26231
23462
23354
23737
21906
25533
23701
22335
19814
26274
23991
27020
22893
28045
25055
28707
23313
16090
17309
25901
28194
16161
27134
19335
21652
27185
19569
23487
27158
26616
20313
27463
19019
28713
21049
24656
20356
26676
25096
27728
24626
20818
26987
22332
26028
27229
23238
26734
21759
28692
24171
23412
24501
23285
22606
26858
27130
27419
19888
28158
20829
28523
21183
22642
27185
22147
21029
18901
26541
22886
19550
22066
26011
24146
26621
20584
26851
25296
27915
20658
16020
17590
28310
23706
22844
27245
15871
22456
27833
16278
21249
26837
27585
22566
26667
17378
28563
23754
21379
23292
22657
29939
23841
28111
24748
23307
26635
26274
23991
27309
26487
17964
28692
24171
23412
24501
23285
22606
26858
27130
27419
19888
28158
20829
28523
21183
22642
27185
22147
21029
18901
26541
22886
19550
22066
26011
24146
26621
20584
26851
25296
27915
20658
16020
17590
28310
23706
22844
27245
15871
22456
27833
16278
21249
26837
27585
22566
26667
17378
28563
23754
21379
23292
22657
29939
23841
28111
24748
23307
26635
26274
23991
27309
26487
21671
28526
23411
22856
23161
20314
20535
26577
27116
27101
23590
27729
17774
25935
24939
22949
27833
19690
23538
21354
26813
19879
18638
26105
26471
20686
26676
23432
27167
21653
28388
19390
15895
17748
28158
19383
26368
26371
15442
19717
27372
16610
23828
26545
24468
26684
26661
17642
24368
28543
19954
27020
23593
29011
24547
24103
28349
22506
26411
26011
24196
27873
25729
20535
28599
20259
20865
19879
23538
23722
27039
28109
22744
27661
28194
19716
23805
26075
20102
27372
18918
23412
25402
27034
19506
22517
26028
27229
23292
22657
27579
28356
24186
23968
22757
16314
21022
27729
16986
27293
22973
20530
23462
23954
18918
27851
26947
24106
27395
23344
24862
24037
24578
23637
26621
21768
28335
21247
23698
28345
19657
26105
26471
20342
27926
26287
24222
28084
23538
24248
19506
23412
27482
27295
27966
21997
28310
23256
25325
20253
26231
23462
23354
23737
21906
25533
23701
22335
19814
26274
23991
27020
22893
28045
25055
28707
23313
16090
17309
25901
28194
16161
27134
19335
21652
27185
19569
23487
27158
26616
20313
27463
19019
28713
21049
24656
20356
26676
25096
27728
24626
20818
26987
22332
26028
27229
23238
26734
21759
28692
24171
23412
24501
23285
22606
26858
27130
27419
19888
28158
20829
28523
21183
22642
27185
22147
21029
18901
26541
22886
19550
22066
26011
24146
26621
20584
26851
25296
27915
20658
16020
17590
28310
23706
22844
27245
15871
22456
27833
16278
21249
26837
27585
22566
26667
17378
28563
23754
21379
23292
22657
29939
23841
28111
24748
23307
26635
26274
23991
27309
26487
21671
28526
23411
22856
23161
20314
20535
26577
27116
27101
23590
27729
17774
25935
24939
22949
27833
19690
23538
21354
26813
19879
18638
26105
26471
20686
26676
23432
27167
21653
28388
19390
15895
17748
28158
19383
26368
26371
15442
19717
27372
16610
23828
26545
24468
26684
26661
17642
24368
28543
19954
27020
23593
29011
24547
24103
28349
22506
26411
26011
24196
27873
25729
20535
28599
20259
20865
19879
23538
23722
27039
28109
22744
27661
28194
19716
23805
26075
20102
27372
18918
23412
25402
27034
19506
22517
26028
27229
23292
22657
27579
28356
24186
23968
22757
16314
21022
27729
16986
27293
22973
20530
23462
23954
18918
27851
26947
24106
27395
23344
24862
24037
24578
23637
26621
21768
28335
21247
23698
28345
19657
26105
26471
20342
27926
26287
24222
28084
23538
24248
19506
23412
27482
27295
27966
21997
28310
23256
25325
20253
26231
23462
23354
23737
21906
25533
23701
22335
19814
26274
23991
27020
22893
28045
25055
28707
23313
16090
17309
25901
28194
16161
27134
19335
21652
27185
19569
23487
27158
26616
20313
27463
19019
28713
21049
24656
20356
26676
25096
27728
24626
20818
26987
22332
26028
27229
23238
26734
21759
28692
24171
23412
24501
23285
22606
26858
27130
27419
19888
28158
20829
28523
21183
22642
27185
22147
21029
18901
26541
22886
19550
22066
26011
24146
26621
20584
26851
25296
27915
20658
16020
17590
28310
23706
22844
27245
15871
22456
27833
16278
21249
26837
27585
22566
26667
17378
28563
23754
21379
23292
22657
29939
23841
28111
24748
23307
26635
26274
23991
27309
26487
21671
28526
23411
22856
23161
20314
20535
26577
27116
27101
23590
27729
17774
25935
24939
22949
27833
19690
23538
21354
26813
19879
18638
26105
26471
20686
26676
23432
27167
21653
28388
19390
15895
17748
28158
19383
26368
26371
15442
19717
27372
16610
23828
26545
24468
26684
26661
17642
24368
28543
19954
27020
23593
29011
24547
24103
28349
22506
26411
26011
24196
27873
25729
20535
28599
20259
20865
19879
23538
23722
27039
28109
22744
27661
28194
19716
23805
26075
20102
27372
18918
23412
25402
27034
19506
22517
26028
27229
23292
22657
27579
28356
24186
23968
22757
16314
21022
27729
16986
27293
22973
20530
23462
23954
18918
27851
26947
24106
27395
23344
24862
24037
24578
23637
26621
21768
28335
21247
23698
28345
19657
26105
26471
20342
27926
26287
24222
28084
23538
24248
19506
23412
27482
27295
27966
21997
28310
23256
25325
20253
26231
23462
23354
23737
21906
25533
23701
22335
19814
26274
23991
27020
22893
28045
25055
28707
23313
16090
17309
25901
28194
16161
27134
19335
21652
27185
19569
23487
27158
26616
20313
27463
19019
28713
21049
24656
20356
26676
25096
27728
24626
20818
26987
22332
26028
27229
23238
26734
20571
24222
28084
23538
24248
19506
23412
27482
27295
27966
21997
28310
23256
25325
20253
26231
23462
23354
23737
21906
25533
23701
22335
19814
26274
23991
27020
22893
28045
25055
28707
23313
16090
17309
25901
28194
16161
27134
19335
21652
27185
19569
23487
27158
26616
20313
27463
19019
28713
21049
24656
20356
26676
25096
27728
24626
20818
26987
22332
26028
27229
23238
26734
21759
28692
24171
23412
24501
23285
22606
26858
27130
27419
19888
28158
20829
28523
21183
22642
27185
22147
21029
18901
26541
22886
19550
22066
26011
24146
26621
20584
26851
25296
27915
20658
16020
17590
28310
23706
22844
27245
15871
22456
27833
16278
21249
26837
27585
22566
26667
17378
28563
23754
21379
23292
22657
29939
23841
28111
24748
23307
26635
26274
23991
27309
26487
21671
28526
23411
22856
23161
20314
20535
26577
27116
27101
23590
27729
17774
25935
24939
22949
27833
19690
23538
21354
26813
19879
18638
26105
26471
20686
26676
23432
27167
21653
28388
19390
15895
17748
28158
19383
26368
26371
15442
19717
27372
16610
23828
26545
24468
26684
26661
17642
24368
28543
19954
27020
23593
29011
24547
24103
28349
22506
26411
26011
24196
27873
25729
20535
28599
20259
20865
19879
23538
23722
27039
28109
22744
27661
28194
19716
23805
26075
20102
27372
18918
23412
25402
27034
19506
22517
26028
27229
23292
22657
27579
28356
24186
23968
22757
16314
21022
27729
16986
27293
22973
20530
23462
23954
18918
27851
26947
24106
27395
23344
24862
24037
24578
23637
26621
21768
28335
21247
23698
28345
19657
26105
26471
20342
27926
26287
24222
28084
23538
24248
19506
23412
27482
27295
27966
21997
28310
23256
25325
20253
26231
23462
23354
23737
21906
25533
23701
22335
19814
26274
23991
27020
22893
28045
25055
28707
23313
16090
17309
25901
28194
16161
27134
19335
21652
27185
19569
23487
27158
26616
20313
27463
19019
28713
21049
24656
20356
26676
25096
27728
24626
20818
26987
22332
26028
27229
23238
26734
21759
28692
24171
23412
24501
23285
22606
26858
27130
27419
19888
28158
20829
28523
21183
22642
27185
22147
21029
18901
26541
22886
19550
22066
26011
24146
26621
20584
26851
25296
27915
20658
16020
17590
28310
23706
22844
27245
15871
22456
27833
16278
21249
26837
27585
22566
26667
17378
28563
23754
21379
23292
22657
29939
23841
28111
24748
23307
26635
26274
23991
27309
26487
21671
28526
23411
22856
23161
20314
20535
26577
27116
27101
23590
27729
17774
25935
24939
22949
27833
19690
23538
21354
26813
19879
18638
26105
26471
20686
26676
23432
27167
21653
28388
19390
15895
17748
28158
19383
26368
26371
15442
19717
27372
16610
23828
26545
24468
26684
26661
17642
24368
28543
19954
27020
23593
29011
24547
24103
28349
22506
26411
26011
24196
27873
25729
20535
28599
20259
20865
19879
23538
23722
27039
28109
22744
27661
28194
19716
23805
26075
20102
27372
18918
23412
25402
27034
19506
22517
26028
27229
23292
22657
27579
28356
24186
23968
22757
16314
21022
27729
16986
27293
22973
20530
23462
23954
18918
27851
26947
24106
27395
23344
24862
24037
24578
23637
26621
21768
28335
21247
23698
28345
19657
26105
26471
20342
27926
26287
24222
28084
23538
24248
19506
23412
27482
27295
27966
21997
28310
23256
25325
20253
26231
23462
23354
23737
21906
25533
23701
22335
19814
26274
23991
27020
22893
28045
25055
28707
23313
16090
17309
25901
28194
16161
27134
19335
21652
27185
19569
23487
27158
26616
20313
27463
19019
28713
21049
24656
20356
26676
25096
27728
24626
20818
26987
22332
26028
27229
23238
26734
21759
28692
24171
23412
24501
23285
22606
26858
27130
27419
19888
28158
20829
28523
21183
22642
27185
22147
21029
18901
26541
22886
19550
22066
26011
24146
26621
20584
26851
25296
27915
20658
16020
17590
28310
23706
22844
27245
15871
22456
27833
16278
21249
26837
27585
22566
26667
17378
28563
23754
21379
23292
22657
29939
23841
28111
24748
23307
26635
26274
23991
27309
26487
21671
28526
23411
22856
23161
20314
20535
26577
27116
27101
23590
27729
17774
25935
24939
22949
27833
19690
23538
21354
26813
19879
18638
26105
26471
20686
26676
23432
27167
21653
28388
19390
15895
17748
28158
19383
26368
26371
15442
19717
27372
16610
23828
26545
24468
26684
26661
17642
24368
28543
19954
27020
23593
29011
24547
24103
28349
22506
26411
26011
24196
27873
25729
20535
28599
20259
20865
19879
23538
23722
27039
28109
22744
27661
28194
19716
23805
26075
20102
27372
18918
23412
25402
27034
19506
22517
26028
27229
23292
22657
27579
28356
24186
23968
22757
16314
21022
27729
16986
27293
22973
20530
23462
23954
18918
27851
26947
24106
27395
23344
24862
24037
24578
23637
26621
21768
28335
21247
23698
28345
19657
26105
26471
20342
27926
23291
20535
28599
20259
20865
19879
23538
23722
27039
28109
22744
27661
28194
19716
23805
26075
20102
27372
18918
23412
25402
27034
19506
22517
26028
27229
23292
22657
27579
28356
24186
23968
22757
16314
21022
27729
16986
27293
22973
20530
23462
23954
18918
27851
26947
24106
27395
23344
24862
24037
24578
23637
26621
21768
28335
21247
23698
28345
19657
26105
26471
20342
27926
26287
24222
28084
23538
24248
19506
23412
27482
27295
27966
21997
28310
23256
25325
20253
26231
23462
23354
23737
21906
25533
23701
22335
19814
26274
23991
27020
22893
28045
25055
28707
23313
16090
17309
25901
28194
16161
27134
19335
21652
27185
19569
23487
27158
26616
20313
27463
19019
28713
21049
24656
20356
26676
25096
27728
24626
20818
26987
22332
26028
27229
23238
26734
21759
28692
24171
23412
24501
23285
22606
26858
27130
27419
19888
28158
20829
28523
21183
22642
27185
22147
21029
18901
26541
22886
19550
22066
26011
24146
26621
20584
26851
25296
27915
20658
16020
17590
28310
23706
22844
27245
15871
22456
27833
16278
21249
26837
27585
22566
26667
17378
28563
23754
21379
23292
22657
29939
23841
28111
24748
23307
26635
26274
23991
27309
26487
21671
28526
23411
22856
23161
20314
20535
26577
27116
27101
23590
27729
17774
25935
24939
22949
27833
19690
23538
21354
26813
19879
18638
26105
26471
20686
26676
23432
27167
21653
28388
19390
15895
17748
28158
19383
26368
26371
15442
19717
27372
16610
23828
26545
24468
26684
26661
17642
24368
28543
19954
27020
23593
29011
24547
24103
28349
22506
26411
26011
24196
27873
25729
20535
28599
20259
20865
19879
23538
23722
27039
28109
22744
27661
28194
19716
23805
26075
20102
27372
18918
23412
25402
27034
19506
22517
26028
27229
23292
22657
27579
28356
24186
23968
22757
16314
21022
27729
16986
27293
22973
20530
23462
23954
18918
27851
26947
24106
27395
23344
24862
24037
24578
23637
26621
21768
28335
21247
23698
28345
19657
26105
26471
20342
27926
26287
24222
28084
23538
24248
19506
23412
27482
27295
27966
21997
28310
23256
25325
20253
26231
23462
23354
23737
21906
25533
23701
22335
19814
26274
23991
27020
22893
28045
25055
28707
23313
16090
17309
25901
28194
16161
27134
19335
21652
27185
19569
23487
27158
26616
20313
27463
19019
28713
21049
24656
20356
26676
25096
27728
24626
20818
26987
22332
26028
27229
23238
26734
21759
28692
24171
23412
24501
23285
22606
26858
27130
27419
19888
28158
20829
28523
21183
22642
27185
22147
21029
18901
26541
22886
19550
22066
26011
24146
26621
20584
26851
25296
27915
20658
16020
17590
28310
23706
22844
27245
15871
22456
27833
16278
21249
26837
27585
22566
26667
17378
28563
23754
21379
23292
22657
29939
23841
28111
24748
23307
26635
26274
23991
27309
26487
21671
28526
23411
22856
23161
20314
20535
26577
27116
27101
23590
27729
17774
25935
24939
22949
27833
19690
23538
21354
26813
19879
18638
26105
26471
20686
26676
23432
27167
21653
28388
19390
15895
17748
28158
19383
26368
26371
15442
19717
27372
16610
23828
26545
24468
26684
26661
17642
24368
28543
19954
27020
23593
29011
24547
24103
28349
22506
26411
26011
24196
27873
25729
20535
28599
20259
20865
19879
23538
23722
27039
28109
22744
27661
28194
19716
23805
26075
20102
27372
18918
23412
25402
27034
19506
22517
26028
27229
23292
22657
27579
28356
24186
23968
22757
16314
21022
27729
16986
27293
22973
20530
23462
23954
18918
27851
26947
24106
27395
23344
24862
24037
24578
23637
26621
21768
28335
21247
23698
28345
19657
26105
26471
20342
27926
26287
24222
28084
23538
24248
19506
23412
27482
27295
27966
21997
28310
23256
25325
20253
26231
23462
23354
23737
21906
25533
23701
22335
19814
26274
23991
27020
22893
28045
25055
28707
23313
16090
17309
25901
28194
16161
27134
19335
21652
27185
19569
23487
27158
26616
20313
27463
19019
28713
21049
24656
20356
26676
25096
27728
24626
20818
26987
22332
26028
27229
23238
26734
21759
28692
24171
23412
24501
23285
22606
26858
27130
27419
19888
28158
20829
28523
21183
22642
27185
22147
21029
18901
26541
22886
19550
22066
26011
24146
26621
20584
26851
25296
27915
20658
16020
17590
28310
23706
22844
27245
15871
22456
27833
16278
21249
26837
27585
22566
26667
17378
28563
23754
21379
23292
22657
29939
23841
28111
24748
23307
26635
26274
23991
27309
26487
21671
28526
23411
22856
23161
20314
20535
26577
27116
27101
23590
27729
17774
25935
24939
22949
27833
19690
23538
21354
26813
19879
18638
26105
26471
20686
26676
23432
27167
21653
28388
19390
15895
17748
28158
19383
26368
26371
15442
19717
27372
16610
23828
26545
24468
26684
26661
17642
24368
28543
19954
27020
23593
29011
24547
24103
28349
22506
26411
26011
24196
27873
23679
21671
28526
23411
22856
23161
20314
20535
26577
27116
27101
23590
27729
17774
25935
24939
22949
27833
19690
23538
21354
26813
19879
18638
26105
26471
20686
26676
23432
27167
21653
28388
19390
15895
17748
28158
19383
26368
26371
15442
19717
27372
16610
23828
26545
24468
26684
26661
17642
24368
28543
19954
27020
23593
29011
24547
24103
28349
22506
26411
26011
24196
27873
25729
20535
28599
20259
20865
19879
23538
23722
27039
28109
22744
27661
28194
19716
23805
26075
20102
27372
18918
23412
25402
27034
19506
22517
26028
27229
23292
22657
27579
28356
24186
23968
22757
16314
21022
27729
16986
27293
22973
20530
23462
23954
18918
27851
26947
24106
27395
23344
24862
24037
24578
23637
26621
21768
28335
21247
23698
28345
19657
26105
26471
20342
27926
26287
24222
28084
23538
24248
19506
23412
27482
27295
27966
21997
28310
23256
25325
20253
26231
23462
23354
23737
21906
25533
23701
22335
19814
26274
23991
27020
22893
28045
25055
28707
23313
16090
17309
25901
28194
16161
27134
19335
21652
27185
19569
23487
27158
26616
20313
27463
19019
28713
21049
24656
20356
26676
25096
27728
24626
20818
26987
22332
26028
27229
23238
26734
21759
28692
24171
23412
24501
23285
22606
26858
27130
27419
19888
28158
20829
28523
21183
22642
27185
22147
21029
18901
26541
22886
19550
22066
26011
24146
26621
20584
26851
25296
27915
20658
16020
17590
28310
23706
22844
27245
15871
22456
27833
16278
21249
26837
27585
22566
26667
17378
28563
23754
21379
23292
22657
29939
23841
28111
24748
23307
26635
26274
23991
27309
26487
21671
28526
23411
22856
23161
20314
20535
26577
27116
27101
23590
27729
17774
25935
24939
22949
27833
19690
23538
21354
26813
19879
18638
26105
26471
20686
26676
23432
27167
21653
28388
19390
15895
17748
28158
19383
26368
26371
15442
19717
27372
16610
23828
26545
24468
26684
26661
17642
24368
28543
19954
27020
23593
29011
24547
24103
28349
22506
26411
26011
24196
27873
25729
20535
28599
20259
20865
19879
23538
23722
27039
28109
22744
27661
28194
19716
23805
26075
20102
27372
18918
23412
25402
27034
19506
22517
26028
27229
23292
22657
27579
28356
24186
23968
22757
16314
21022
27729
16986
27293
22973
20530
23462
23954
18918
27851
26947
24106
27395
23344
24862
24037
24578
23637
26621
21768
28335
21247
23698
28345
19657
26105
26471
20342
27926
26287
24222
28084
23538
24248
19506
23412
27482
27295
27966
21997
28310
23256
25325
20253
26231
23462
23354
23737
21906
25533
23701
22335
19814
26274
23991
27020
22893
28045
25055
28707
23313
16090
17309
25901
28194
16161
27134
19335
21652
27185
19569
23487
27158
26616
20313
27463
19019
28713
21049
24656
20356
26676
25096
27728
24626
20818
26987
22332
26028
27229
23238
26734
21759
28692
24171
23412
24501
23285
22606
26858
27130
27419
19888
28158
20829
28523
21183
22642
27185
22147
21029
18901
26541
22886
19550
22066
26011
24146
26621
20584
26851
25296
27915
20658
16020
17590
28310
23706
22844
27245
15871
22456
27833
16278
21249
26837
27585
22566
26667
17378
28563
23754
21379
23292
22657
29939
23841
28111
24748
23307
26635
26274
23991
27309
26487
21671
28526
23411
22856
23161
20314
20535
26577
27116
27101
23590
27729
17774
25935
24939
22949
27833
19690
23538
21354
26813
19879
18638
26105
26471
20686
26676
23432
27167
21653
28388
19390
15895
17748
28158
19383
26368
26371
15442
19717
27372
16610
23828
26545
24468
26684
26661
17642
24368
28543
19954
27020
23593
29011
24547
24103
28349
22506
26411
26011
24196
27873
25729
20535
28599
20259
20865
19879
23538
23722
27039
28109
22744
27661
28194
19716
23805
26075
20102
27372
18918
23412
25402
27034
19506
22517
26028
27229
23292
22657
27579
28356
24186
23968
22757
16314
21022
27729
16986
27293
22973
20530
23462
23954
18918
27851
26947
24106
27395
23344
24862
24037
24578
23637
26621
21768
28335
21247
23698
28345
19657
26105
26471
20342
27926
26287
24222
28084
23538
24248
19506
23412
27482
27295
27966
21997
28310
23256
25325
20253
26231
23462
23354
23737
21906
25533
23701
22335
19814
26274
23991
27020
22893
28045
25055
28707
23313
16090
17309
25901
28194
16161
27134
19335
21652
27185
19569
23487
27158
26616
20313
27463
19019
28713
21049
24656
20356
26676
25096
27728
24626
20818
26987
22332
26028
27229
23238
26734
21759
28692
24171
23412
24501
23285
22606
26858
27130
27419
19888
28158
20829
28523
21183
22642
27185
22147
21029
18901
26541
22886
19550
22066
26011
24146
26621
20584
26851
25296
27915
20658
16020
17590
28310
23706
22844
27245
15871
22456
27833
16278
21249
26837
27585
22566
26667
17378
28563
23754
21379
23292
22657
29939
23841
28111
24748
23307
26635
26274
23991
27309
26487
17964
28692
24171
23412
24501
23285
22606
26858
27130
27419
19888
28158
20829
28523
21183
22642
27185
22147
21029
18901
26541
22886
19550
22066
26011
24146
26621
20584
26851
25296
27915
20658
16020
17590
28310
23706
22844
27245
15871
22456
27833
16278
21249
26837
27585
22566
26667
17378
28563
23754
21379
23292
22657
29939
23841
28111
24748
23307
26635
26274
23991
27309
26487
21671
28526
23411
22856
23161
20314
20535
26577
27116
27101
23590
27729
17774
25935
24939
22949
27833
19690
23538
21354
26813
19879
18638
26105
26471
20686
26676
23432
27167
21653
28388
19390
15895
17748
28158
19383
26368
26371
15442
19717
27372
16610
23828
26545
24468
26684
26661
17642
24368
28543
19954
27020
23593
29011
24547
24103
28349
22506
26411
26011
24196
27873
25729
20535
28599
20259
20865
19879
23538
23722
27039
28109
22744
27661
28194
19716
23805
26075
20102
27372
18918
23412
25402
27034
19506
22517
26028
27229
23292
22657
27579
28356
24186
23968
22757
16314
21022
27729
16986
27293
22973
20530
23462
23954
18918
27851
26947
24106
27395
23344
24862
24037
24578
23637
26621
21768
28335
21247
23698
28345
19657
26105
26471
20342
27926
26287
24222
28084
23538
24248
19506
23412
27482
27295
27966
21997
28310
23256
25325
20253
26231
23462
23354
23737
21906
25533
23701
22335
19814
26274
23991
27020
22893
28045
25055
28707
23313
16090
17309
25901
28194
16161
27134
19335
21652
27185
19569
23487
27158
26616
20313
27463
19019
28713
21049
24656
20356
26676
25096
27728
24626
20818
26987
22332
26028
27229
23238
26734
21759
28692
24171
23412
24501
23285
22606
26858
27130
27419
19888
28158
20829
28523
21183
22642
27185
22147
21029
18901
26541
22886
19550
22066
26011
24146
26621
20584
26851
25296
27915
20658
16020
17590
28310
23706
22844
27245
15871
22456
27833
16278
21249
26837
27585
22566
26667
17378
28563
23754
21379
23292
22657
29939
23841
28111
24748
23307
26635
26274
23991
27309
26487
21671
28526
23411
22856
23161
20314
20535
26577
27116
27101
23590
27729
17774
25935
24939
22949
27833
19690
23538
21354
26813
19879
18638
26105
26471
20686
26676
23432
27167
21653
28388
19390
15895
17748
28158
19383
26368
26371
15442
19717
27372
16610
23828
26545
24468
26684
26661
17642
24368
28543
19954
27020
23593
29011
24547
24103
28349
22506
26411
26011
24196
27873
25729
20535
28599
20259
20865
19879
23538
23722
27039
28109
22744
27661
28194
19716
23805
26075
20102
27372
18918
23412
25402
27034
19506
22517
26028
27229
23292
22657
27579
28356
24186
23968
22757
16314
21022
27729
16986
27293
22973
20530
23462
23954
18918
27851
26947
24106
27395
23344
24862
24037
24578
23637
26621
21768
28335
21247
23698
28345
19657
26105
26471
20342
27926
26287
24222
28084
23538
24248
19506
23412
27482
27295
27966
21997
28310
23256
25325
20253
26231
23462
23354
23737
21906
25533
23701
22335
19814
26274
23991
27020
22893
28045
25055
28707
23313
16090
17309
25901
28194
16161
27134
19335
21652
27185
19569
23487
27158
26616
20313
27463
19019
28713
21049
24656
20356
26676
25096
27728
24626
20818
26987
22332
26028
27229
23238
26734
21759
28692
24171
23412
24501
23285
22606
26858
27130
27419
19888
28158
20829
28523
21183
22642
27185
22147
21029
18901
26541
22886
19550
22066
26011
24146
26621
20584
26851
25296
27915
20658
16020
17590
28310
23706
22844
27245
15871
22456
27833
16278
21249
26837
27585
22566
26667
17378
28563
23754
21379
23292
22657
29939
23841
28111
24748
23307
26635
26274
23991
27309
26487
21671
28526
23411
22856
23161
20314
20535
26577
27116
27101
23590
27729
17774
25935
24939
22949
27833
19690
23538
21354
26813
19879
18638
26105
26471
20686
26676
23432
27167
21653
28388
19390
15895
17748
28158
19383
26368
26371
15442
19717
27372
16610
23828
26545
24468
26684
26661
17642
24368
28543
19954
27020
23593
29011
24547
24103
28349
22506
26411
26011
24196
27873
25729
20535
28599
20259
20865
19879
23538
23722
27039
28109
22744
27661
28194
19716
23805
26075
20102
27372
18918
23412
25402
27034
19506
22517
26028
27229
23292
22657
27579
28356
24186
23968
22757
16314
21022
27729
16986
27293
22973
20530
23462
23954
18918
27851
26947
24106
27395
23344
24862
24037
24578
23637
26621
21768
28335
21247
23698
28345
19657
26105
26471
20342
27926
26287
24222
28084
23538
24248
19506
23412
27482
27295
27966
21997
28310
23256
25325
20253
26231
23462
23354
23737
21906
25533
23701
22335
19814
26274
23991
27020
22893
28045
25055
28707
23313
16090
17309
25901
28194
16161
27134
19335
21652
27185
19569
23487
27158
26616
20313
27463
19019
28713
21049
24656
20356
26676
25096
27728
24626
20818
26987
22332
26028
27229
23238
26734
20571
24222
28084
23538
24248
19506
23412
27482
27295
27966
21997
28310
23256
25325
20253
26231
23462
23354
23737
21906
25533
23701
22335
19814
26274
23991
27020
22893
28045
25055
28707
23313
16090
17309
25901
28194
16161
27134
19335
21652
27185
19569
23487
27158
26616
20313
27463
19019
28713
21049
24656
20356
26676
25096
27728
24626
20818
26987
22332
26028
27229
23238
26734
21759
28692
24171
23412
24501
23285
22606
26858
27130
27419
19888
28158
20829
28523
21183
22642
27185
22147
21029
18901
26541
22886
19550
22066
26011
24146
26621
20584
26851
25296
27915
20658
16020
17590
28310
23706
22844
27245
15871
22456
27833
16278
21249
26837
27585
22566
26667
17378
28563
23754
21379
23292
22657
29939
23841
28111
24748
23307
26635
26274
23991
27309
26487
21671
28526
23411
22856
23161
20314
20535
26577
27116
27101
23590
27729
17774
25935
24939
22949
27833
19690
23538
21354
26813
19879
18638
26105
26471
20686
26676
23432
27167
21653
28388
19390
15895
17748
28158
19383
26368
26371
15442
19717
27372
16610
23828
26545
24468
26684
26661
17642
24368
28543
19954
27020
23593
29011
24547
24103
28349
22506
26411
26011
24196
27873
25729
20535
28599
20259
20865
19879
23538
23722
27039
28109
22744
27661
28194
19716
23805
26075
20102
27372
18918
23412
25402
27034
19506
22517
26028
27229
23292
22657
27579
28356
24186
23968
22757
16314
21022
27729
16986
27293
22973
20530
23462
23954
18918
27851
26947
24106
27395
23344
24862
24037
24578
23637
26621
21768
28335
21247
23698
28345
19657
26105
26471
20342
27926
26287
24222
28084
23538
24248
19506
23412
27482
27295
27966
21997
28310
23256
25325
20253
26231
23462
23354
23737
21906
25533
23701
22335
19814
26274
23991
27020
22893
28045
25055
28707
23313
16090
17309
25901
28194
16161
27134
19335
21652
27185
19569
23487
27158
26616
20313
27463
19019
28713
21049
24656
20356
26676
25096
27728
24626
20818
26987
22332
26028
27229
23238
26734
21759
28692
24171
23412
24501
23285
22606
26858
27130
27419
19888
28158
20829
28523
21183
22642
27185
22147
21029
18901
26541
22886
19550
22066
26011
24146
26621
20584
26851
25296
27915
20658
16020
17590
28310
23706
22844
27245
15871
22456
27833
16278
21249
26837
27585
22566
26667
17378
28563
23754
21379
23292
22657
29939
23841
28111
24748
23307
26635
26274
23991
27309
26487
21671
28526
23411
22856
23161
20314
20535
26577
27116
27101
23590
27729
17774
25935
24939
22949
27833
19690
23538
21354
26813
19879
18638
26105
26471
20686
26676
23432
27167
21653
28388
19390
15895
17748
28158
19383
26368
26371
15442
19717
27372
16610
23828
26545
24468
26684
26661
17642
24368
28543
19954
27020
23593
29011
24547
24103
28349
22506
26411
26011
24196
27873
25729
20535
28599
20259
20865
19879
23538
23722
27039
28109
22744
27661
28194
19716
23805
26075
20102
27372
18918
23412
25402
27034
19506
22517
26028
27229
23292
22657
27579
28356
24186
23968
22757
16314
21022
27729
16986
27293
22973
20530
23462
23954
18918
27851
26947
24106
27395
23344
24862
24037
24578
23637
26621
21768
28335
21247
23698
28345
19657
26105
26471
20342
27926
26287
24222
28084
23538
24248
19506
23412
27482
27295
27966
21997
28310
23256
25325
20253
26231
23462
23354
23737
21906
25533
23701
22335
19814
26274
23991
27020
22893
28045
25055
28707
23313
16090
17309
25901
28194
16161
27134
19335
21652
27185
19569
23487
27158
26616
20313
27463
19019
28713
21049
24656
20356
26676
25096
27728
24626
20818
26987
22332
26028
27229
23238
26734
21759
28692
24171
23412
24501
23285
22606
26858
27130
27419
19888
28158
20829
28523
21183
22642
27185
22147
21029
18901
26541
22886
19550
22066
26011
24146
26621
20584
26851
25296
27915
20658
16020
17590
28310
23706
22844
27245
15871
22456
27833
16278
21249
26837
27585
22566
26667
17378
28563
23754
21379
23292
22657
29939
23841
28111
24748
23307
26635
26274
23991
27309
26487
21671
28526
23411
22856
23161
20314
20535
26577
27116
27101
23590
27729
17774
25935
24939
22949
27833
19690
23538
21354
26813
19879
18638
26105
26471
20686
26676
23432
27167
21653
28388
19390
15895
17748
28158
19383
26368
26371
15442
19717
27372
16610
23828
26545
24468
26684
26661
17642
24368
28543
19954
27020
23593
29011
24547
24103
28349
22506
26411
26011
24196
27873
25729
20535
28599
20259
20865
19879
23538
23722
27039
28109
22744
27661
28194
19716
23805
26075
20102
27372
18918
23412
25402
27034
19506
22517
26028
27229
23292
22657
27579
28356
24186
23968
22757
16314
21022
27729
16986
27293
22973
20530
23462
23954
18918
27851
26947
24106
27395
23344
24862
24037
24578
23637
26621
21768
28335
21247
23698
28345
19657
26105
26471
20342
27926
18891