
18399
22286
20235
19632
20005
15490
15811
20565
20820
21309
17194
21217
14622
19783
19071
19605
21729
15498
17198
15634
20845
15239
12738
20377
20691
16202
21148
17004
21151
16913
22368
13330
12927
14200
22026
16007
20488
20787
11546
15153
21360
12194
17212
20509
18256
20504
20837
12450
18416
22415
13774
20988
20089
22615
21055
18331
21949
19394
20755
20267
20728
21417
19617
15811
22347
15431
15957
15239
17198
17102
20855
21985
17436
21301
22366
14464
20013
20375
15566
21360
12838
18032
19862
20842
13614
19149
20220
21205
17040
16889
21123
22028
17586
18188
19437
12046
15298
21217
15014
21305
17481
14830
17310
18374
12838
21823
21243
20566
21307
17988
18158
20569
18374
20297
20817
16960
22403
16363
20470
22509
15413
20377
20691
15854
21934
20855
17562
21768
17198
17492
13614
18032
21618
21519
21894
18829
22338
17772
18997
16421
20583
17310
17822
20209
18758
19697
18181
19199
15570
20598
17891
20988
19445
22233
18671
22587
19865
12270
13017
19413
22366
11409
20914
15943
16144
21009
16301
19979
21386
20796
16153
21675
15711
22437
16433
21072
15848
21148
18108
21788
18130
16002
21007
16080
20220
21205
17230
21122
16715
22416
18551
18032
18905
20073
19402
21286
21326
21255
15428
22026
17621
21971
15647
17006
21009
19051
16257
14749
20825
19710
15386
16094
20267
20682
20817
16312
21071
21728
21547
16254
12788
14562
22338
18186
16880
21413
13867
19264
21729
14258
16617
20977
21441
16598
20663
15270
22415
17270
16787
17040
16889
23375
17797
21895
18040
17651
20767
20598
17891
21173
20831
18399
22286
20235
19632
20005
15490
15811
20565
20820
21309
17194
21217
14622
19783
19071
19605
21729
15498
17198
15634
20845
15239
12738
20377
20691
16202
21148
17004
21151
16913
22368
13330
12927
14200
22026
16007
20488
20787
11546
15153
21360
12194
17212
20509
18256
20504
20837
12450
18416
22415
13774
20988
20089
22615
21055
18331
21949
19394
20755
20267
20728
21417
19617
15811
22347
15431
15957
15239
17198
17102
20855
21985
17436
21301
22366
14464
20013
20375
15566
21360
12838
18032
19862
20842
13614
19149
20220
21205
17040
16889
21123
22028
17586
18188
19437
12046
15298
21217
15014
21305
17481
14830
17310
18374
12838
21823
21243
20566
21307
17988
18158
20569
18374
20297
20817
16960
22403
16363
20470
22509
15413
20377
20691
15854
21934
20855
17562
21768
17198
17492
13614
18032
21618
21519
21894
18829
22338
17772
18997
16421
20583
17310
17822
20209
18758
19697
18181
19199
15570
20598
17891
20988
19445
22233
18671
22587
19865
12270
13017
19413
22366
11409
20914
15943
16144
21009
16301
19979
21386
20796
16153
21675
15711
22437
16433
21072
15848
21148
18108
21788
18130
16002
21007
16080
20220
21205
17230
21122
16715
22416
18551
18032
18905
20073
19402
21286
21326
21255
15428
22026
17621
21971
15647
17006
21009
19051
16257
14749
20825
19710
15386
16094
20267
20682
20817
16312
21071
21728
21547
16254
12788
14562
22338
18186
16880
21413
13867
19264
21729
14258
16617
20977
21441
16598
20663
15270
22415
17270
16787
17040
16889
23375
17797
21895
18040
17651
20767
20598
17891
21173
20831
18399
22286
20235
19632
20005
15490
15811
20565
20820
21309
17194
21217
14622
19783
19071
19605
21729
15498
17198
15634
20845
15239
12738
20377
20691
16202
21148
17004
21151
16913
22368
13330
12927
14200
22026
16007
20488
20787
11546
15153
21360
12194
17212
20509
18256
20504
20837
12450
18416
22415
13774
20988
20089
22615
21055
18331
21949
19394
20755
20267
20728
21417
19617
15811
22347
15431
15957
15239
17198
17102
20855
21985
17436
21301
22366
14464
20013
20375
15566
21360
12838
18032
19862
20842
13614
19149
20220
21205
17040
16889
21123
22028
17586
18188
19437
12046
15298
21217
15014
21305
17481
14830
17310
18374
12838
21823
21243
20566
21307
17988
18158
20569
18374
20297
20817
16960
22403
16363
20470
22509
15413
20377
20691
15854
21934
20855
17562
21768
17198
17492
13614
18032
21618
21519
21894
18829
22338
17772
18997
16421
20583
17310
17822
20209
18758
19697
18181
19199
15570
20598
17891
20988
19445
22233
18671
22587
19865
12270
13017
19413
22366
11409
20914
15943
16144
21009
16301
19979
21386
20796
16153
21675
15711
22437
16433
21072
15848
21148
18108
21788
18130
16002
21007
16080
20220
21205
17230
21122
16715
22416
18551
18032
18905
20073
19402
21286
21326
21255
15428
22026
17621
21971
15647
17006
21009
19051
16257
14749
20825
19710
15386
16094
20267
20682
20817
16312
21071
21728
21547
16254
12788
14562
22338
18186
16880
21413
13867
19264
21729
14258
16617
20977
21441
16598
20663
15270
22415
17270
16787
17040
16889
23375
17797
21895
18040
17651
20767
20598
17891
21173
20831
12644
22416
18551
18032
18905
20073
19402
21286
21326
21255
15428
22026
17621
21971
15647
17006
21009
19051
16257
14749
20825
19710
15386
16094
20267
20682
20817
16312
21071
21728
21547
16254
12788
14562
22338
18186
16880
21413
13867
19264
21729
14258
16617
20977
21441
16598
20663
15270
22415
17270
16787
17040
16889
23375
17797
21895
18040
17651
20767
20598
17891
21173
20831
18399
22286
20235
19632
20005
15490
15811
20565
20820
21309
17194
21217
14622
19783
19071
19605
21729
15498
17198
15634
20845
15239
12738
20377
20691
16202
21148
17004
21151
16913
22368
13330
12927
14200
22026
16007
20488
20787
11546
15153
21360
12194
17212
20509
18256
20504
20837
12450
18416
22415
13774
20988
20089
22615
21055
18331
21949
19394
20755
20267
20728
21417
19617
15811
22347
15431
15957
15239
17198
17102
20855
21985
17436
21301
22366
14464
20013
20375
15566
21360
12838
18032
19862
20842
13614
19149
20220
21205
17040
16889
21123
22028
17586
18188
19437
12046
15298
21217
15014
21305
17481
14830
17310
18374
12838
21823
21243
20566
21307
17988
18158
20569
18374
20297
20817
16960
22403
16363
20470
22509
15413
20377
20691
15854
21934
20855
17562
21768
17198
17492
13614
18032
21618
21519
21894
18829
22338
17772
18997
16421
20583
17310
17822
20209
18758
19697
18181
19199
15570
20598
17891
20988
19445
22233
18671
22587
19865
12270
13017
19413
22366
11409
20914
15943
16144
21009
16301
19979
21386
20796
16153
21675
15711
22437
16433
21072
15848
21148
18108
21788
18130
16002
21007
16080
20220
21205
17230
21122
16715
22416
18551
18032
18905
20073
19402
21286
21326
21255
15428
22026
17621
21971
15647
17006
21009
19051
16257
14749
20825
19710
15386
16094
20267
20682
20817
16312
21071
21728
21547
16254
12788
14562
22338
18186
16880
21413
13867
19264
21729
14258
16617
20977
21441
16598
20663
15270
22415
17270
16787
17040
16889
23375
17797
21895
18040
17651
20767
20598
17891
21173
20831
18399
22286
20235
19632
20005
15490
15811
20565
20820
21309
17194
21217
14622
19783
19071
19605
21729
15498
17198
15634
20845
15239
12738
20377
20691
16202
21148
17004
21151
16913
22368
13330
12927
14200
22026
16007
20488
20787
11546
15153
21360
12194
17212
20509
18256
20504
20837
12450
18416
22415
13774
20988
20089
22615
21055
18331
21949
19394
20755
20267
20728
21417
19617
15811
22347
15431
15957
15239
17198
17102
20855
21985
17436
21301
22366
14464
20013
20375
15566
21360
12838
18032
19862
20842
13614
19149
20220
21205
17040
16889
21123
22028
17586
18188
19437
12046
15298
21217
15014
21305
17481
14830
17310
18374
12838
21823
21243
20566
21307
17988
18158
20569
18374
20297
20817
16960
22403
16363
20470
22509
15413
20377
20691
15854
21934
20855
17562
21768
17198
17492
13614
18032
21618
21519
21894
18829
22338
17772
18997
16421
20583
17310
17822
20209
18758
19697
18181
19199
15570
20598
17891
20988
19445
22233
18671
22587
19865
12270
13017
19413
22366
11409
20914
15943
16144
21009
16301
19979
21386
20796
16153
21675
15711
22437
16433
21072
15848
21148
18108
21788
18130
16002
21007
16080
20220
21205
17230
21122
16715
22416
18551
18032
18905
20073
19402
21286
21326
21255
15428
22026
17621
21971
15647
17006
21009
19051
16257
14749
20825
19710
15386
16094
20267
20682
20817
16312
21071
21728
21547
16254
12788
14562
22338
18186
16880
21413
13867
19264
21729
14258
16617
20977
21441
16598
20663
15270
22415
17270
16787
17040
16889
23375
17797
21895
18040
17651
20767
20598
17891
21173
20831
18399
22286
20235
19632
20005
15490
15811
20565
20820
21309
17194
21217
14622
19783
19071
19605
21729
15498
17198
15634
20845
15239
12738
20377
20691
16202
21148
17004
21151
16913
22368
13330
12927
14200
22026
16007
20488
20787
11546
15153
21360
12194
17212
20509
18256
20504
20837
12450
18416
22415
13774
20988
20089
22615
21055
18331
21949
19394
20755
20267
20728
21417
19617
15811
22347
15431
15957
15239
17198
17102
20855
21985
17436
21301
22366
14464
20013
20375
15566
21360
12838
18032
19862
20842
13614
19149
20220
21205
17040
16889
21123
22028
17586
18188
19437
12046
15298
21217
15014
21305
17481
14830
17310
18374
12838
21823
21243
20566
21307
17988
18158
20569
18374
20297
20817
16960
22403
16363
20470
22509
15413
20377
20691
15854
21934
20855
17562
21768
17198
17492
13614
18032
21618
21519
21894
18829
22338
17772
18997
16421
20583
17310
17822
20209
18758
19697
18181
19199
15570
20598
17891
20988
19445
22233
18671
22587
19865
12270
13017
19413
22366
11409
20914
15943
16144
21009
16301
19979
21386
20796
16153
21675
15711
22437
16433
21072
15848
21148
18108
21788
18130
16002
21007
16080
20220
21205
17230
21122
16575
17562
21768
17198
17492
13614
18032
21618
21519
21894
18829
22338
17772
18997
16421
20583
17310
17822
20209
18758
19697
18181
19199
15570
20598
17891
20988
19445
22233
18671
22587
19865
12270
13017
19413
22366
11409
20914
15943
16144
21009
16301
19979
21386
20796
16153
21675
15711
22437
16433
21072
15848
21148
18108
21788
18130
16002
21007
16080
20220
21205
17230
21122
16715
22416
18551
18032
18905
20073
19402
21286
21326
21255
15428
22026
17621
21971
15647
17006
21009
19051
16257
14749
20825
19710
15386
16094
20267
20682
20817
16312
21071
21728
21547
16254
12788
14562
22338
18186
16880
21413
13867
19264
21729
14258
16617
20977
21441
16598
20663
15270
22415
17270
16787
17040
16889
23375
17797
21895
18040
17651
20767
20598
17891
21173
20831
18399
22286
20235
19632
20005
15490
15811
20565
20820
21309
17194
21217
14622
19783
19071
19605
21729
15498
17198
15634
20845
15239
12738
20377
20691
16202
21148
17004
21151
16913
22368
13330
12927
14200
22026
16007
20488
20787
11546
15153
21360
12194
17212
20509
18256
20504
20837
12450
18416
22415
13774
20988
20089
22615
21055
18331
21949
19394
20755
20267
20728
21417
19617
15811
22347
15431
15957
15239
17198
17102
20855
21985
17436
21301
22366
14464
20013
20375
15566
21360
12838
18032
19862
20842
13614
19149
20220
21205
17040
16889
21123
22028
17586
18188
19437
12046
15298
21217
15014
21305
17481
14830
17310
18374
12838
21823
21243
20566
21307
17988
18158
20569
18374
20297
20817
16960
22403
16363
20470
22509
15413
20377
20691
15854
21934
20855
17562
21768
17198
17492
13614
18032
21618
21519
21894
18829
22338
17772
18997
16421
20583
17310
17822
20209
18758
19697
18181
19199
15570
20598
17891
20988
19445
22233
18671
22587
19865
12270
13017
19413
22366
11409
20914
15943
16144
21009
16301
19979
21386
20796
16153
21675
15711
22437
16433
21072
15848
21148
18108
21788
18130
16002
21007
16080
20220
21205
17230
21122
16715
22416
18551
18032
18905
20073
19402
21286
21326
21255
15428
22026
17621
21971
15647
17006
21009
19051
16257
14749
20825
19710
15386
16094
20267
20682
20817
16312
21071
21728
21547
16254
12788
14562
22338
18186
16880
21413
13867
19264
21729
14258
16617
20977
21441
16598
20663
15270
22415
17270
16787
17040
16889
23375
17797
21895
18040
17651
20767
20598
17891
21173
20831
18399
22286
20235
19632
20005
15490
15811
20565
20820
21309
17194
21217
14622
19783
19071
19605
21729
15498
17198
15634
20845
15239
12738
20377
20691
16202
21148
17004
21151
16913
22368
13330
12927
14200
22026
16007
20488
20787
11546
15153
21360
12194
17212
20509
18256
20504
20837
12450
18416
22415
13774
20988
20089
22615
21055
18331
21949
19394
20755
20267
20728
21417
19617
15811
22347
15431
15957
15239
17198
17102
20855
21985
17436
21301
22366
14464
20013
20375
15566
21360
12838
18032
19862
20842
13614
19149
20220
21205
17040
16889
21123
22028
17586
18188
19437
12046
15298
21217
15014
21305
17481
14830
17310
18374
12838
21823
21243
20566
21307
17988
18158
20569
18374
20297
20817
16960
22403
16363
20470
22509
15413
20377
20691
15854
21934
20855
17562
21768
17198
17492
13614
18032
21618
21519
21894
18829
22338
17772
18997
16421
20583
17310
17822
20209
18758
19697
18181
19199
15570
20598
17891
20988
19445
22233
18671
22587
19865
12270
13017
19413
22366
11409
20914
15943
16144
21009
16301
19979
21386
20796
16153
21675
15711
22437
16433
21072
15848
21148
18108
21788
18130
16002
21007
16080
20220
21205
17230
21122
16715
22416
18551
18032
18905
20073
19402
21286
21326
21255
15428
22026
17621
21971
15647
17006
21009
19051
16257
14749
20825
19710
15386
16094
20267
20682
20817
16312
21071
21728
21547
16254
12788
14562
22338
18186
16880
21413
13867
19264
21729
14258
16617
20977
21441
16598
20663
15270
22415
17270
16787
17040
16889
23375
17797
21895
18040
17651
20767
20598
17891
21173
20831
18399
22286
20235
19632
20005
15490
15811
20565
20820
21309
17194
21217
14622
19783
19071
19605
21729
15498
17198
15634
20845
15239
12738
20377
20691
16202
21148
17004
21151
16913
22368
13330
12927
14200
22026
16007
20488
20787
11546
15153
21360
12194
17212
20509
18256
20504
20837
12450
18416
22415
13774
20988
20089
22615
21055
18331
21949
19394
20755
20267
20728
21417
19617
15811
22347
15431
15957
15239
17198
17102
20855
21985
17436
21301
22366
14464
20013
20375
15566
21360
12838
18032
19862
20842
13614
19149
20220
21205
17040
16889
21123
22028
17586
18188
19437
12046
15298
21217
15014
21305
17481
14830
17310
18374
12838
21823
21243
20566
21307
17988
18158
20569
18374
20297
20817
16960
22403
16363
20470
22509
15413
20377
20691
15854
21934
19391
15811
22347
15431
15957
15239
17198
17102
20855
21985
17436
21301
22366
14464
20013
20375
15566
21360
12838
18032
19862
20842
13614
19149
20220
21205
17040
16889
21123
22028
17586
18188
19437
12046
15298
21217
15014
21305
17481
14830
17310
18374
12838
21823
21243
20566
21307
17988
18158
20569
18374
20297
20817
16960
22403
16363
20470
22509
15413
20377
20691
15854
21934
20855
17562
21768
17198
17492
13614
18032
21618
21519
21894
18829
22338
17772
18997
16421
20583
17310
17822
20209
18758
19697
18181
19199
15570
20598
17891
20988
19445
22233
18671
22587
19865
12270
13017
19413
22366
11409
20914
15943
16144
21009
16301
19979
21386
20796
16153
21675
15711
22437
16433
21072
15848
21148
18108
21788
18130
16002
21007
16080
20220
21205
17230
21122
16715
22416
18551
18032
18905
20073
19402
21286
21326
21255
15428
22026
17621
21971
15647
17006
21009
19051
16257
14749
20825
19710
15386
16094
20267
20682
20817
16312
21071
21728
21547
16254
12788
14562
22338
18186
16880
21413
13867
19264
21729
14258
16617
20977
21441
16598
20663
15270
22415
17270
16787
17040
16889
23375
17797
21895
18040
17651
20767
20598
17891
21173
20831
18399
22286
20235
19632
20005
15490
15811
20565
20820
21309
17194
21217
14622
19783
19071
19605
21729
15498
17198
15634
20845
15239
12738
20377
20691
16202
21148
17004
21151
16913
22368
13330
12927
14200
22026
16007
20488
20787
11546
15153
21360
12194
17212
20509
18256
20504
20837
12450
18416
22415
13774
20988
20089
22615
21055
18331
21949
19394
20755
20267
20728
21417
19617
15811
22347
15431
15957
15239
17198
17102
20855
21985
17436
21301
22366
14464
20013
20375
15566
21360
12838
18032
19862
20842
13614
19149
20220
21205
17040
16889
21123
22028
17586
18188
19437
12046
15298
21217
15014
21305
17481
14830
17310
18374
12838
21823
21243
20566
21307
17988
18158
20569
18374
20297
20817
16960
22403
16363
20470
22509
15413
20377
20691
15854
21934
20855
17562
21768
17198
17492
13614
18032
21618
21519
21894
18829
22338
17772
18997
16421
20583
17310
17822
20209
18758
19697
18181
19199
15570
20598
17891
20988
19445
22233
18671
22587
19865
12270
13017
19413
22366
11409
20914
15943
16144
21009
16301
19979
21386
20796
16153
21675
15711
22437
16433
21072
15848
21148
18108
21788
18130
16002
21007
16080
20220
21205
17230
21122
16715
22416
18551
18032
18905
20073
19402
21286
21326
21255
15428
22026
17621
21971
15647
17006
21009
19051
16257
14749
20825
19710
15386
16094
20267
20682
20817
16312
21071
21728
21547
16254
12788
14562
22338
18186
16880
21413
13867
19264
21729
14258
16617
20977
21441
16598
20663
15270
22415
17270
16787
17040
16889
23375
17797
21895
18040
17651
20767
20598
17891
21173
20831
18399
22286
20235
19632
20005
15490
15811
20565
20820
21309
17194
21217
14622
19783
19071
19605
21729
15498
17198
15634
20845
15239
12738
20377
20691
16202
21148
17004
21151
16913
22368
13330
12927
14200
22026
16007
20488
20787
11546
15153
21360
12194
17212
20509
18256
20504
20837
12450
18416
22415
13774
20988
20089
22615
21055
18331
21949
19394
20755
20267
20728
21417
19617
15811
22347
15431
15957
15239
17198
17102
20855
21985
17436
21301
22366
14464
20013
20375
15566
21360
12838
18032
19862
20842
13614
19149
20220
21205
17040
16889
21123
22028
17586
18188
19437
12046
15298
21217
15014
21305
17481
14830
17310
18374
12838
21823
21243
20566
21307
17988
18158
20569
18374
20297
20817
16960
22403
16363
20470
22509
15413
20377
20691
15854
21934
20855
17562
21768
17198
17492
13614
18032
21618
21519
21894
18829
22338
17772
18997
16421
20583
17310
17822
20209
18758
19697
18181
19199
15570
20598
17891
20988
19445
22233
18671
22587
19865
12270
13017
19413
22366
11409
20914
15943
16144
21009
16301
19979
21386
20796
16153
21675
15711
22437
16433
21072
15848
21148
18108
21788
18130
16002
21007
16080
20220
21205
17230
21122
16715
22416
18551
18032
18905
20073
19402
21286
21326
21255
15428
22026
17621
21971
15647
17006
21009
19051
16257
14749
20825
19710
15386
16094
20267
20682
20817
16312
21071
21728
21547
16254
12788
14562
22338
18186
16880
21413
13867
19264
21729
14258
16617
20977
21441
16598
20663
15270
22415
17270
16787
17040
16889
23375
17797
21895
18040
17651
20767
20598
17891
21173
20831
18399
22286
20235
19632
20005
15490
15811
20565
20820
21309
17194
21217
14622
19783
19071
19605
21729
15498
17198
15634
20845
15239
12738
20377
20691
16202
21148
17004
21151
16913
22368
13330
12927
14200
22026
16007
20488
20787
11546
15153
21360
12194
17212
20509
18256
20504
20837
12450
18416
22415
13774
20988
20089
22615
21055
18331
21949
19394
20755
20267
20728
21417
17731
18399
22286
20235
19632
20005
15490
15811
20565
20820
21309
17194
21217
14622
19783
19071
19605
21729
15498
17198
15634
20845
15239
12738
20377
20691
16202
21148
17004
21151
16913
22368
13330
12927
14200
22026
16007
20488
20787
11546
15153
21360
12194
17212
20509
18256
20504
20837
12450
18416
22415
13774
20988
20089
22615
21055
18331
21949
19394
20755
20267
20728
21417
19617
15811
22347
15431
15957
15239
17198
17102
20855
21985
17436
21301
22366
14464
20013
20375
15566
21360
12838
18032
19862
20842
13614
19149
20220
21205
17040
16889
21123
22028
17586
18188
19437
12046
15298
21217
15014
21305
17481
14830
17310
18374
12838
21823
21243
20566
21307
17988
18158
20569
18374
20297
20817
16960
22403
16363
20470
22509
15413
20377
20691
15854
21934
20855
17562
21768
17198
17492
13614
18032
21618
21519
21894
18829
22338
17772
18997
16421
20583
17310
17822
20209
18758
19697
18181
19199
15570
20598
17891
20988
19445
22233
18671
22587
19865
12270
13017
19413
22366
11409
20914
15943
16144
21009
16301
19979
21386
20796
16153
21675
15711
22437
16433
21072
15848
21148
18108
21788
18130
16002
21007
16080
20220
21205
17230
21122
16715
22416
18551
18032
18905
20073
19402
21286
21326
21255
15428
22026
17621
21971
15647
17006
21009
19051
16257
14749
20825
19710
15386
16094
20267
20682
20817
16312
21071
21728
21547
16254
12788
14562
22338
18186
16880
21413
13867
19264
21729
14258
16617
20977
21441
16598
20663
15270
22415
17270
16787
17040
16889
23375
17797
21895
18040
17651
20767
20598
17891
21173
20831
18399
22286
20235
19632
20005
15490
15811
20565
20820
21309
17194
21217
14622
19783
19071
19605
21729
15498
17198
15634
20845
15239
12738
20377
20691
16202
21148
17004
21151
16913
22368
13330
12927
14200
22026
16007
20488
20787
11546
15153
21360
12194
17212
20509
18256
20504
20837
12450
18416
22415
13774
20988
20089
22615
21055
18331
21949
19394
20755
20267
20728
21417
19617
15811
22347
15431
15957
15239
17198
17102
20855
21985
17436
21301
22366
14464
20013
20375
15566
21360
12838
18032
19862
20842
13614
19149
20220
21205
17040
16889
21123
22028
17586
18188
19437
12046
15298
21217
15014
21305
17481
14830
17310
18374
12838
21823
21243
20566
21307
17988
18158
20569
18374
20297
20817
16960
22403
16363
20470
22509
15413
20377
20691
15854
21934
20855
17562
21768
17198
17492
13614
18032
21618
21519
21894
18829
22338
17772
18997
16421
20583
17310
17822
20209
18758
19697
18181
19199
15570
20598
17891
20988
19445
22233
18671
22587
19865
12270
13017
19413
22366
11409
20914
15943
16144
21009
16301
19979
21386
20796
16153
21675
15711
22437
16433
21072
15848
21148
18108
21788
18130
16002
21007
16080
20220
21205
17230
21122
16715
22416
18551
18032
18905
20073
19402
21286
21326
21255
15428
22026
17621
21971
15647
17006
21009
19051
16257
14749
20825
19710
15386
16094
20267
20682
20817
16312
21071
21728
21547
16254
12788
14562
22338
18186
16880
21413
13867
19264
21729
14258
16617
20977
21441
16598
20663
15270
22415
17270
16787
17040
16889
23375
17797
21895
18040
17651
20767
20598
17891
21173
20831
18399
22286
20235
19632
20005
15490
15811
20565
20820
21309
17194
21217
14622
19783
19071
19605
21729
15498
17198
15634
20845
15239
12738
20377
20691
16202
21148
17004
21151
16913
22368
13330
12927
14200
22026
16007
20488
20787
11546
15153
21360
12194
17212
20509
18256
20504
20837
12450
18416
22415
13774
20988
20089
22615
21055
18331
21949
19394
20755
20267
20728
21417
19617
15811
22347
15431
15957
15239
17198
17102
20855
21985
17436
21301
22366
14464
20013
20375
15566
21360
12838
18032
19862
20842
13614
19149
20220
21205
17040
16889
21123
22028
17586
18188
19437
12046
15298
21217
15014
21305
17481
14830
17310
18374
12838
21823
21243
20566
21307
17988
18158
20569
18374
20297
20817
16960
22403
16363
20470
22509
15413
20377
20691
15854
21934
20855
17562
21768
17198
17492
13614
18032
21618
21519
21894
18829
22338
17772
18997
16421
20583
17310
17822
20209
18758
19697
18181
19199
15570
20598
17891
20988
19445
22233
18671
22587
19865
12270
13017
19413
22366
11409
20914
15943
16144
21009
16301
19979
21386
20796
16153
21675
15711
22437
16433
21072
15848
21148
18108
21788
18130
16002
21007
16080
20220
21205
17230
21122
16715
22416
18551
18032
18905
20073
19402
21286
21326
21255
15428
22026
17621
21971
15647
17006
21009
19051
16257
14749
20825
19710
15386
16094
20267
20682
20817
16312
21071
21728
21547
16254
12788
14562
22338
18186
16880
21413
13867
19264
21729
14258
16617
20977
21441
16598
20663
15270
22415
17270
16787
17040
16889
23375
17797
21895
18040
17651
20767
20598
17891
21173
20831
12644
22416
18551
18032
18905
20073
19402
21286
21326
21255
15428
22026
17621
21971
15647
17006
21009
19051
16257
14749
20825
19710
15386
16094
20267
20682
20817
16312
21071
21728
21547
16254
12788
14562
22338
18186
16880
21413
13867
19264
21729
14258
16617
20977
21441
16598
20663
15270
22415
17270
16787
17040
16889
23375
17797
21895
18040
17651
20767
20598
17891
21173
20831
18399
22286
20235
19632
20005
15490
15811
20565
20820
21309
17194
21217
14622
19783
19071
19605
21729
15498
17198
15634
20845
15239
12738
20377
20691
16202
21148
17004
21151
16913
22368
13330
12927
14200
22026
16007
20488
20787
11546
15153
21360
12194
17212
20509
18256
20504
20837
12450
18416
22415
13774
20988
20089
22615
21055
18331
21949
19394
20755
20267
20728
21417
19617
15811
22347
15431
15957
15239
17198
17102
20855
21985
17436
21301
22366
14464
20013
20375
15566
21360
12838
18032
19862
20842
13614
19149
20220
21205
17040
16889
21123
22028
17586
18188
19437
12046
15298
21217
15014
21305
17481
14830
17310
18374
12838
21823
21243
20566
21307
17988
18158
20569
18374
20297
20817
16960
22403
16363
20470
22509
15413
20377
20691
15854
21934
20855
17562
21768
17198
17492
13614
18032
21618
21519
21894
18829
22338
17772
18997
16421
20583
17310
17822
20209
18758
19697
18181
19199
15570
20598
17891
20988
19445
22233
18671
22587
19865
12270
13017
19413
22366
11409
20914
15943
16144
21009
16301
19979
21386
20796
16153
21675
15711
22437
16433
21072
15848
21148
18108
21788
18130
16002
21007
16080
20220
21205
17230
21122
16715
22416
18551
18032
18905
20073
19402
21286
21326
21255
15428
22026
17621
21971
15647
17006
21009
19051
16257
14749
20825
19710
15386
16094
20267
20682
20817
16312
21071
21728
21547
16254
12788
14562
22338
18186
16880
21413
13867
19264
21729
14258
16617
20977
21441
16598
20663
15270
22415
17270
16787
17040
16889
23375
17797
21895
18040
17651
20767
20598
17891
21173
20831
18399
22286
20235
19632
20005
15490
15811
20565
20820
21309
17194
21217
14622
19783
19071
19605
21729
15498
17198
15634
20845
15239
12738
20377
20691
16202
21148
17004
21151
16913
22368
13330
12927
14200
22026
16007
20488
20787
11546
15153
21360
12194
17212
20509
18256
20504
20837
12450
18416
22415
13774
20988
20089
22615
21055
18331
21949
19394
20755
20267
20728
21417
19617
15811
22347
15431
15957
15239
17198
17102
20855
21985
17436
21301
22366
14464
20013
20375
15566
21360
12838
18032
19862
20842
13614
19149
20220
21205
17040
16889
21123
22028
17586
18188
19437
12046
15298
21217
15014
21305
17481
14830
17310
18374
12838
21823
21243
20566
21307
17988
18158
20569
18374
20297
20817
16960
22403
16363
20470
22509
15413
20377
20691
15854
21934
20855
17562
21768
17198
17492
13614
18032
21618
21519
21894
18829
22338
17772
18997
16421
20583
17310
17822
20209
18758
19697
18181
19199
15570
20598
17891
20988
19445
22233
18671
22587
19865
12270
13017
19413
22366
11409
20914
15943
16144
21009
16301
19979
21386
20796
16153
21675
15711
22437
16433
21072
15848
21148
18108
21788
18130
16002
21007
16080
20220
21205
17230
21122
16715
22416
18551
18032
18905
20073
19402
21286
21326
21255
15428
22026
17621
21971
15647
17006
21009
19051
16257
14749
20825
19710
15386
16094
20267
20682
20817
16312
21071
21728
21547
16254
12788
14562
22338
18186
16880
21413
13867
19264
21729
14258
16617
20977
21441
16598
20663
15270
22415
17270
16787
17040
16889
23375
17797
21895
18040
17651
20767
20598
17891
21173
20831
18399
22286
20235
19632
20005
15490
15811
20565
20820
21309
17194
21217
14622
19783
19071
19605
21729
15498
17198
15634
20845
15239
12738
20377
20691
16202
21148
17004
21151
16913
22368
13330
12927
14200
22026
16007
20488
20787
11546
15153
21360
12194
17212
20509
18256
20504
20837
12450
18416
22415
13774
20988
20089
22615
21055
18331
21949
19394
20755
20267
20728
21417
19617
15811
22347
15431
15957
15239
17198
17102
20855
21985
17436
21301
22366
14464
20013
20375
15566
21360
12838
18032
19862
20842
13614
19149
20220
21205
17040
16889
21123
22028
17586
18188
19437
12046
15298
21217
15014
21305
17481
14830
17310
18374
12838
21823
21243
20566
21307
17988
18158
20569
18374
20297
20817
16960
22403
16363
20470
22509
15413
20377
20691
15854
21934
20855
17562
21768
17198
17492
13614
18032
21618
21519
21894
18829
22338
17772
18997
16421
20583
17310
17822
20209
18758
19697
18181
19199
15570
20598
17891
20988
19445
22233
18671
22587
19865
12270
13017
19413
22366
11409
20914
15943
16144
21009
16301
19979
21386
20796
16153
21675
15711
22437
16433
21072
15848
21148
18108
21788
18130
16002
21007
16080
20220
21205
17230
21122
16575
17562
21768
17198
17492
13614
18032
21618
21519
21894
18829
22338
17772
18997
16421
20583
17310
17822
20209
18758
19697
18181
19199
15570
20598
17891
20988
19445
22233
18671
22587
19865
12270
13017
19413
22366
11409
20914
15943
16144
21009
16301
19979
21386
20796
16153
21675
15711
22437
16433
21072
15848
21148
18108
21788
18130
16002
21007
16080
20220
21205
17230
21122
16715
22416
18551
18032
18905
20073
19402
21286
21326
21255
15428
22026
17621
21971
15647
17006
21009
19051
16257
14749
20825
19710
15386
16094
20267
20682
20817
16312
21071
21728
21547
16254
12788
14562
22338
18186
16880
21413
13867
19264
21729
14258
16617
20977
21441
16598
20663
15270
22415
17270
16787
17040
16889
23375
17797
21895
18040
17651
20767
20598
17891
21173
20831
18399
22286
20235
19632
20005
15490
15811
20565
20820
21309
17194
21217
14622
19783
19071
19605
21729
15498
17198
15634
20845
15239
12738
20377
20691
16202
21148
17004
21151
16913
22368
13330
12927
14200
22026
16007
20488
20787
11546
15153
21360
12194
17212
20509
18256
20504
20837
12450
18416
22415
13774
20988
20089
22615
21055
18331
21949
19394
20755
20267
20728
21417
19617
15811
22347
15431
15957
15239
17198
17102
20855
21985
17436
21301
22366
14464
20013
20375
15566
21360
12838
18032
19862
20842
13614
19149
20220
21205
17040
16889
21123
22028
17586
18188
19437
12046
15298
21217
15014
21305
17481
14830
17310
18374
12838
21823
21243
20566
21307
17988
18158
20569
18374
20297
20817
16960
22403
16363
20470
22509
15413
20377
20691
15854
21934
20855
17562
21768
17198
17492
13614
18032
21618
21519
21894
18829
22338
17772
18997
16421
20583
17310
17822
20209
18758
19697
18181
19199
15570
20598
17891
20988
19445
22233
18671
22587
19865
12270
13017
19413
22366
11409
20914
15943
16144
21009
16301
19979
21386
20796
16153
21675
15711
22437
16433
21072
15848
21148
18108
21788
18130
16002
21007
16080
20220
21205
17230
21122
16715
22416
18551
18032
18905
20073
19402
21286
21326
21255
15428
22026
17621
21971
15647
17006
21009
19051
16257
14749
20825
19710
15386
16094
20267
20682
20817
16312
21071
21728
21547
16254
12788
14562
22338
18186
16880
21413
13867
19264
21729
14258
16617
20977
21441
16598
20663
15270
22415
17270
16787
17040
16889
23375
17797
21895
18040
17651
20767
20598
17891
21173
20831
18399
22286
20235
19632
20005
15490
15811
20565
20820
21309
17194
21217
14622
19783
19071
19605
21729
15498
17198
15634
20845
15239
12738
20377
20691
16202
21148
17004
21151
16913
22368
13330
12927
14200
22026
16007
20488
20787
11546
15153
21360
12194
17212
20509
18256
20504
20837
12450
18416
22415
13774
20988
20089
22615
21055
18331
21949
19394
20755
20267
20728
21417
19617
15811
22347
15431
15957
15239
17198
17102
20855
21985
17436
21301
22366
14464
20013
20375
15566
21360
12838
18032
19862
20842
13614
19149
20220
21205
17040
16889
21123
22028
17586
18188
19437
12046
15298
21217
15014
21305
17481
14830
17310
18374
12838
21823
21243
20566
21307
17988
18158
20569
18374
20297
20817
16960
22403
16363
20470
22509
15413
20377
20691
15854
21934
20855
17562
21768
17198
17492
13614
18032
21618
21519
21894
18829
22338
17772
18997
16421
20583
17310
17822
20209
18758
19697
18181
19199
15570
20598
17891
20988
19445
22233
18671
22587
19865
12270
13017
19413
22366
11409
20914
15943
16144
21009
16301
19979
21386
20796
16153
21675
15711
22437
16433
21072
15848
21148
18108
21788
18130
16002
21007
16080
20220
21205
17230
21122
16715
22416
18551
18032
18905
20073
19402
21286
21326
21255
15428
22026
17621
21971
15647
17006
21009
19051
16257
14749
20825
19710
15386
16094
20267
20682
20817
16312
21071
21728
21547
16254
12788
14562
22338
18186
16880
21413
13867
19264
21729
14258
16617
20977
21441
16598
20663
15270
22415
17270
16787
17040
16889
23375
17797
21895
18040
17651
20767
20598
17891
21173
20831
18399
22286
20235
19632
20005
15490
15811
20565
20820
21309
17194
21217
14622
19783
19071
19605
21729
15498
17198
15634
20845
15239
12738
20377
20691
16202
21148
17004
21151
16913
22368
13330
12927
14200
22026
16007
20488
20787
11546
15153
21360
12194
17212
20509
18256
20504
20837
12450
18416
22415
13774
20988
20089
22615
21055
18331
21949
19394
20755
20267
20728
21417
19617
15811
22347
15431
15957
15239
17198
17102
20855
21985
17436
21301
22366
14464
20013
20375
15566
21360
12838
18032
19862
20842
13614
19149
20220
21205
17040
16889
21123
22028
17586
18188
19437
12046
15298
21217
15014
21305
17481
14830
17310
18374
12838
21823
21243
20566
21307
17988
18158
20569
18374
20297
20817
16960
22403
16363
20470
22509
15413
20377
20691
15854
21934
15343