Bits of Prime : 128
Prime Used : 186469664121609999887556742883650440413
Length of the Secret : 69
Number of Access Structure : 3

Access Structure 1:

Number of Participants in Access Structure :2
Participants : 1 3 

Hash of Participant with ID 1: fa1d4e1ca11ab7ccca68c4fbb3c737d1
Message (B-U) :
-25488209506133314903641281206597948908 -25488209506133314903641281206597948885 -25488209506133314903641281206597948885 -25488209506133314903641281206597948878 -25488209506133314903641281206597948954 -25488209506133314903641281206597948889 -25488209506133314903641281206597948876 -25488209506133314903641281206597948886 -25488209506133314903641281206597948954 -25488209506133314903641281206597948913 -25488209506133314903641281206597948954 -25488209506133314903641281206597948867 -25488209506133314903641281206597948885 -25488209506133314903641281206597948872 -25488209506133314903641281206597948885 -25488209506133314903641281206597948954 -25488209506133314903641281206597948889 -25488209506133314903641281206597948867 -25488209506133314903641281206597948889 -25488209506133314903641281206597948879 -25488209506133314903641281206597948885 -25488209506133314903641281206597948954 -25488209506133314903641281206597948870 -25488209506133314903641281206597948882 -25488209506133314903641281206597948885 -25488209506133314903641281206597948954 -25488209506133314903641281206597948885 -25488209506133314903641281206597948876 -25488209506133314903641281206597948870 -25488209506133314903641281206597948881 -25488209506133314903641281206597948872 -25488209506133314903641281206597948885 -25488209506133314903641281206597948954 -25488209506133314903641281206597948876 -25488209506133314903641281206597948881 -25488209506133314903641281206597948883 -25488209506133314903641281206597948882 -25488209506133314903641281206597948870 -25488209506133314903641281206597948954 -25488209506133314903641281206597948888 -25488209506133314903641281206597948869 -25488209506133314903641281206597948871 -25488209506133314903641281206597948865 -25488209506133314903641281206597948954 -25488209506133314903641281206597948881 -25488209506133314903641281206597948876 -25488209506133314903641281206597948954 -25488209506133314903641281206597948887 -25488209506133314903641281206597948875 -25488209506133314903641281206597948877 -25488209506133314903641281206597948874 -25488209506133314903641281206597948878 -25488209506133314903641281206597948885 -25488209506133314903641281206597948870 -25488209506133314903641281206597948881 -25488209506133314903641281206597948876 -25488209506133314903641281206597948883 -25488209506133314903641281206597948954 -25488209506133314903641281206597948870 -25488209506133314903641281206597948882 -25488209506133314903641281206597948885 -25488209506133314903641281206597948954 -25488209506133314903641281206597948874 -25488209506133314903641281206597948872 -25488209506133314903641281206597948875 -25488209506133314903641281206597948880 -25488209506133314903641281206597948885 -25488209506133314903641281206597948887 -25488209506133314903641281206597948870 

Hash of Participant with ID 3: b1d5974931a5cd0e71c66ac6e2ddaf82
Message (B-U) :
-211203743000231209860958523284151461377 -211203743000231209860958523284151461354 -211203743000231209860958523284151461354 -211203743000231209860958523284151461347 -211203743000231209860958523284151461423 -211203743000231209860958523284151461358 -211203743000231209860958523284151461345 -211203743000231209860958523284151461355 -211203743000231209860958523284151461423 -211203743000231209860958523284151461382 -211203743000231209860958523284151461423 -211203743000231209860958523284151461336 -211203743000231209860958523284151461354 -211203743000231209860958523284151461341 -211203743000231209860958523284151461354 -211203743000231209860958523284151461423 -211203743000231209860958523284151461358 -211203743000231209860958523284151461336 -211203743000231209860958523284151461358 -211203743000231209860958523284151461348 -211203743000231209860958523284151461354 -211203743000231209860958523284151461423 -211203743000231209860958523284151461339 -211203743000231209860958523284151461351 -211203743000231209860958523284151461354 -211203743000231209860958523284151461423 -211203743000231209860958523284151461354 -211203743000231209860958523284151461345 -211203743000231209860958523284151461339 -211203743000231209860958523284151461350 -211203743000231209860958523284151461341 -211203743000231209860958523284151461354 -211203743000231209860958523284151461423 -211203743000231209860958523284151461345 -211203743000231209860958523284151461350 -211203743000231209860958523284151461352 -211203743000231209860958523284151461351 -211203743000231209860958523284151461339 -211203743000231209860958523284151461423 -211203743000231209860958523284151461357 -211203743000231209860958523284151461338 -211203743000231209860958523284151461340 -211203743000231209860958523284151461334 -211203743000231209860958523284151461423 -211203743000231209860958523284151461350 -211203743000231209860958523284151461345 -211203743000231209860958523284151461423 -211203743000231209860958523284151461356 -211203743000231209860958523284151461344 -211203743000231209860958523284151461346 -211203743000231209860958523284151461343 -211203743000231209860958523284151461347 -211203743000231209860958523284151461354 -211203743000231209860958523284151461339 -211203743000231209860958523284151461350 -211203743000231209860958523284151461345 -211203743000231209860958523284151461352 -211203743000231209860958523284151461423 -211203743000231209860958523284151461339 -211203743000231209860958523284151461351 -211203743000231209860958523284151461354 -211203743000231209860958523284151461423 -211203743000231209860958523284151461343 -211203743000231209860958523284151461341 -211203743000231209860958523284151461344 -211203743000231209860958523284151461349 -211203743000231209860958523284151461354 -211203743000231209860958523284151461356 -211203743000231209860958523284151461339 


Access Structure 2:

Number of Participants in Access Structure :2
Participants : 2 5 

Hash of Participant with ID 2: a4f9eee34822288dc9e95bad058c9d75
Message (B-U) :
-71077100171211117871792885661010457788 -71077100171211117871792885661010457765 -71077100171211117871792885661010457765 -71077100171211117871792885661010457758 -71077100171211117871792885661010457834 -71077100171211117871792885661010457769 -71077100171211117871792885661010457756 -71077100171211117871792885661010457766 -71077100171211117871792885661010457834 -71077100171211117871792885661010457793 -71077100171211117871792885661010457834 -71077100171211117871792885661010457747 -71077100171211117871792885661010457765 -71077100171211117871792885661010457752 -71077100171211117871792885661010457765 -71077100171211117871792885661010457834 -71077100171211117871792885661010457769 -71077100171211117871792885661010457747 -71077100171211117871792885661010457769 -71077100171211117871792885661010457759 -71077100171211117871792885661010457765 -71077100171211117871792885661010457834 -71077100171211117871792885661010457750 -71077100171211117871792885661010457762 -71077100171211117871792885661010457765 -71077100171211117871792885661010457834 -71077100171211117871792885661010457765 -71077100171211117871792885661010457756 -71077100171211117871792885661010457750 -71077100171211117871792885661010457761 -71077100171211117871792885661010457752 -71077100171211117871792885661010457765 -71077100171211117871792885661010457834 -71077100171211117871792885661010457756 -71077100171211117871792885661010457761 -71077100171211117871792885661010457763 -71077100171211117871792885661010457762 -71077100171211117871792885661010457750 -71077100171211117871792885661010457834 -71077100171211117871792885661010457768 -71077100171211117871792885661010457749 -71077100171211117871792885661010457751 -71077100171211117871792885661010457745 -71077100171211117871792885661010457834 -71077100171211117871792885661010457761 -71077100171211117871792885661010457756 -71077100171211117871792885661010457834 -71077100171211117871792885661010457767 -71077100171211117871792885661010457755 -71077100171211117871792885661010457757 -71077100171211117871792885661010457754 -71077100171211117871792885661010457758 -71077100171211117871792885661010457765 -71077100171211117871792885661010457750 -71077100171211117871792885661010457761 -71077100171211117871792885661010457756 -71077100171211117871792885661010457763 -71077100171211117871792885661010457834 -71077100171211117871792885661010457750 -71077100171211117871792885661010457762 -71077100171211117871792885661010457765 -71077100171211117871792885661010457834 -71077100171211117871792885661010457754 -71077100171211117871792885661010457752 -71077100171211117871792885661010457755 -71077100171211117871792885661010457760 -71077100171211117871792885661010457765 -71077100171211117871792885661010457767 -71077100171211117871792885661010457750 

Hash of Participant with ID 5: 78b666652bcf0302b5fee15fcc5e95cf
Message (B-U) :
-289156744197574949126088250103805414849 -289156744197574949126088250103805414826 -289156744197574949126088250103805414826 -289156744197574949126088250103805414819 -289156744197574949126088250103805414895 -289156744197574949126088250103805414830 -289156744197574949126088250103805414817 -289156744197574949126088250103805414827 -289156744197574949126088250103805414895 -289156744197574949126088250103805414854 -289156744197574949126088250103805414895 -289156744197574949126088250103805414808 -289156744197574949126088250103805414826 -289156744197574949126088250103805414813 -289156744197574949126088250103805414826 -289156744197574949126088250103805414895 -289156744197574949126088250103805414830 -289156744197574949126088250103805414808 -289156744197574949126088250103805414830 -289156744197574949126088250103805414820 -289156744197574949126088250103805414826 -289156744197574949126088250103805414895 -289156744197574949126088250103805414811 -289156744197574949126088250103805414823 -289156744197574949126088250103805414826 -289156744197574949126088250103805414895 -289156744197574949126088250103805414826 -289156744197574949126088250103805414817 -289156744197574949126088250103805414811 -289156744197574949126088250103805414822 -289156744197574949126088250103805414813 -289156744197574949126088250103805414826 -289156744197574949126088250103805414895 -289156744197574949126088250103805414817 -289156744197574949126088250103805414822 -289156744197574949126088250103805414824 -289156744197574949126088250103805414823 -289156744197574949126088250103805414811 -289156744197574949126088250103805414895 -289156744197574949126088250103805414829 -289156744197574949126088250103805414810 -289156744197574949126088250103805414812 -289156744197574949126088250103805414806 -289156744197574949126088250103805414895 -289156744197574949126088250103805414822 -289156744197574949126088250103805414817 -289156744197574949126088250103805414895 -289156744197574949126088250103805414828 -289156744197574949126088250103805414816 -289156744197574949126088250103805414818 -289156744197574949126088250103805414815 -289156744197574949126088250103805414819 -289156744197574949126088250103805414826 -289156744197574949126088250103805414811 -289156744197574949126088250103805414822 -289156744197574949126088250103805414817 -289156744197574949126088250103805414824 -289156744197574949126088250103805414895 -289156744197574949126088250103805414811 -289156744197574949126088250103805414823 -289156744197574949126088250103805414826 -289156744197574949126088250103805414895 -289156744197574949126088250103805414815 -289156744197574949126088250103805414813 -289156744197574949126088250103805414816 -289156744197574949126088250103805414821 -289156744197574949126088250103805414826 -289156744197574949126088250103805414828 -289156744197574949126088250103805414811 


Access Structure 3:

Number of Participants in Access Structure :2
Participants : 1 4 

Hash of Participant with ID 1: 3a9eb4bf491ab801bc2a5828df238faa
Message (B-U) :
-289936583332654823696844213813592460221 -289936583332654823696844213813592460198 -289936583332654823696844213813592460198 -289936583332654823696844213813592460191 -289936583332654823696844213813592460267 -289936583332654823696844213813592460202 -289936583332654823696844213813592460189 -289936583332654823696844213813592460199 -289936583332654823696844213813592460267 -289936583332654823696844213813592460226 -289936583332654823696844213813592460267 -289936583332654823696844213813592460180 -289936583332654823696844213813592460198 -289936583332654823696844213813592460185 -289936583332654823696844213813592460198 -289936583332654823696844213813592460267 -289936583332654823696844213813592460202 -289936583332654823696844213813592460180 -289936583332654823696844213813592460202 -289936583332654823696844213813592460192 -289936583332654823696844213813592460198 -289936583332654823696844213813592460267 -289936583332654823696844213813592460183 -289936583332654823696844213813592460195 -289936583332654823696844213813592460198 -289936583332654823696844213813592460267 -289936583332654823696844213813592460198 -289936583332654823696844213813592460189 -289936583332654823696844213813592460183 -289936583332654823696844213813592460194 -289936583332654823696844213813592460185 -289936583332654823696844213813592460198 -289936583332654823696844213813592460267 -289936583332654823696844213813592460189 -289936583332654823696844213813592460194 -289936583332654823696844213813592460196 -289936583332654823696844213813592460195 -289936583332654823696844213813592460183 -289936583332654823696844213813592460267 -289936583332654823696844213813592460201 -289936583332654823696844213813592460182 -289936583332654823696844213813592460184 -289936583332654823696844213813592460178 -289936583332654823696844213813592460267 -289936583332654823696844213813592460194 -289936583332654823696844213813592460189 -289936583332654823696844213813592460267 -289936583332654823696844213813592460200 -289936583332654823696844213813592460188 -289936583332654823696844213813592460190 -289936583332654823696844213813592460187 -289936583332654823696844213813592460191 -289936583332654823696844213813592460198 -289936583332654823696844213813592460183 -289936583332654823696844213813592460194 -289936583332654823696844213813592460189 -289936583332654823696844213813592460196 -289936583332654823696844213813592460267 -289936583332654823696844213813592460183 -289936583332654823696844213813592460195 -289936583332654823696844213813592460198 -289936583332654823696844213813592460267 -289936583332654823696844213813592460187 -289936583332654823696844213813592460185 -289936583332654823696844213813592460188 -289936583332654823696844213813592460193 -289936583332654823696844213813592460198 -289936583332654823696844213813592460200 -289936583332654823696844213813592460183 

Hash of Participant with ID 4: aae89c5d911618280ba10c57007939a5
Message (B-U) :
-24354160941646012231322217459728376420 -24354160941646012231322217459728376397 -24354160941646012231322217459728376397 -24354160941646012231322217459728376390 -24354160941646012231322217459728376466 -24354160941646012231322217459728376401 -24354160941646012231322217459728376388 -24354160941646012231322217459728376398 -24354160941646012231322217459728376466 -24354160941646012231322217459728376425 -24354160941646012231322217459728376466 -24354160941646012231322217459728376379 -24354160941646012231322217459728376397 -24354160941646012231322217459728376384 -24354160941646012231322217459728376397 -24354160941646012231322217459728376466 -24354160941646012231322217459728376401 -24354160941646012231322217459728376379 -24354160941646012231322217459728376401 -24354160941646012231322217459728376391 -24354160941646012231322217459728376397 -24354160941646012231322217459728376466 -24354160941646012231322217459728376382 -24354160941646012231322217459728376394 -24354160941646012231322217459728376397 -24354160941646012231322217459728376466 -24354160941646012231322217459728376397 -24354160941646012231322217459728376388 -24354160941646012231322217459728376382 -24354160941646012231322217459728376393 -24354160941646012231322217459728376384 -24354160941646012231322217459728376397 -24354160941646012231322217459728376466 -24354160941646012231322217459728376388 -24354160941646012231322217459728376393 -24354160941646012231322217459728376395 -24354160941646012231322217459728376394 -24354160941646012231322217459728376382 -24354160941646012231322217459728376466 -24354160941646012231322217459728376400 -24354160941646012231322217459728376381 -24354160941646012231322217459728376383 -24354160941646012231322217459728376377 -24354160941646012231322217459728376466 -24354160941646012231322217459728376393 -24354160941646012231322217459728376388 -24354160941646012231322217459728376466 -24354160941646012231322217459728376399 -24354160941646012231322217459728376387 -24354160941646012231322217459728376389 -24354160941646012231322217459728376386 -24354160941646012231322217459728376390 -24354160941646012231322217459728376397 -24354160941646012231322217459728376382 -24354160941646012231322217459728376393 -24354160941646012231322217459728376388 -24354160941646012231322217459728376395 -24354160941646012231322217459728376466 -24354160941646012231322217459728376382 -24354160941646012231322217459728376394 -24354160941646012231322217459728376397 -24354160941646012231322217459728376466 -24354160941646012231322217459728376386 -24354160941646012231322217459728376384 -24354160941646012231322217459728376387 -24354160941646012231322217459728376392 -24354160941646012231322217459728376397 -24354160941646012231322217459728376399 -24354160941646012231322217459728376382 

